1 1 0 0 0 0.0
2 8 0 1 0 0.0
3 87 79 43 0 0.0009837150573730469
4 90 81 45 0 0.0020003318786621094
5 719 1270 615 0 0.010007143020629883
6 723 1293 629 0 0.006997346878051758
7 743 1317 658 0 0.008999824523925781
8 748 1325 666 0 0.010045528411865234
9 5279 12227 5682 0 0.05099940299987793
10 5287 12285 5724 0 0.04995608329772949
11 5380 12689 5979 0 0.051999807357788086
12 5388 12740 6013 0 0.05304098129272461
13 5513 13646 6668 0 0.05699419975280762
14 5521 13701 6706 0 0.05204153060913086
15 5555 13764 6776 0 0.051044464111328125
16 5564 13788 6800 0 0.05295586585998535
17 36894 97108 44480 0 0.38300061225891113
18 36996 97432 44638 0 0.38300037384033203
19 37225 98672 45528 0 0.43604350090026855
20 37241 98798 45622 0 0.47300267219543457
21 38181 103564 48352 0 0.4030025005340576
22 38197 103696 48452 0 0.46604228019714355
23 38374 104681 49098 0 0.3779575824737549
24 38390 104794 49178 0 0.381040096282959
25 39285 114958 55502 0 0.37400126457214355
26 39301 115100 55612 0 0.37999749183654785
27 39434 116132 56309 0 0.386002779006958
28 39450 116255 56399 0 0.38700079917907715
29 39639 118545 58153 0 0.3809998035430908
30 39655 118672 58247 0 0.3959944248199463
31 39711 118809 58392 0 0.4910440444946289
32 39728 118873 58456 0 0.4330430030822754
33 255961 719025 327652 0 3.805954694747925
34 256023 719599 328012 0 2.9460456371307373
35 257908 725503 330787 0 2.6190435886383057
36 258107 726153 331117 0 2.7220022678375244
37 260206 737422 338938 0 2.7280426025390625
38 260406 738090 339282 0 2.7419540882110596
39 260919 741359 341649 0 2.674044370651245
40 260951 741631 341857 0 2.721998453140259
41 266834 778879 362363 0 2.845045566558838
42 267036 779563 362721 0 3.2392609119415283
43 267469 782865 365158 0 3.0810019969940186
44 267501 783151 365380 0 2.9070003032684326
45 269399 794265 372037 0 2.7669990062713623
46 269431 794557 372265 0 2.6999971866607666
47 269812 797040 373912 0 2.804997205734253
48 269844 797289 374096 0 3.0870087146759033
49 275203 879629 422854 0 2.9189560413360596
50 275250 880253 423244 0 2.812005043029785
51 275559 883671 425802 0 2.893000602722168
52 275591 883981 426048 0 2.780956745147705
53 277163 895935 433366 0 2.9279544353485107
54 277195 896251 433618 0 2.8030471801757812
55 277452 898850 435386 0 2.9230008125305176
56 277484 899123 435594 0 2.848041534423828
57 278839 923798 452066 0 2.847001552581787
58 278871 924124 452328 0 2.929001569747925
59 279084 926770 454147 0 2.8100054264068604
60 279116 927053 454365 0 2.9110007286071777
61 279433 932501 458713 0 2.8429512977600098
62 279465 932788 458935 0 2.867046594619751
63 279547 933026 459180 0 2.8679566383361816
64 279580 933186 459340 0 2.968956470489502
65 1780501 5164323 2350172 0 19.151001453399658
66 1780891 5165852 2351106 0 19.562955141067505
67 1783491 5181176 2360468 0 18.904292821884155
68 1783610 5182347 2361218 0 18.6189968585968
69 1800968 5240846 2388560 0 18.803000688552856
70 1801086 5242026 2389318 0 19.461044549942017
71 1805578 5256218 2395966 0 19.690998554229736
72 1805971 5257538 2396658 0 20.364001274108887
73 1814965 5330995 2448261 0 18.91400146484375
74 1815083 5332193 2449037 0 18.965925931930542
75 1819482 5346571 2455843 0 19.335999011993408
76 1819877 5347929 2456565 0 19.999046087265015
77 1824798 5375830 2476043 0 20.002960920333862
78 1825194 5377206 2476779 0 19.28904628753662
79 1826455 5385921 2483113 0 19.6070454120636
80 1826519 5386505 2483569 0 24.41022753715515
81 1861781 5656572 2630189 0 25.936450004577637
82 1861887 5657802 2630997 0 21.530521631240845
83 1866028 5671848 2637718 0 21.63804578781128
84 1866427 5673242 2638472 0 23.650999069213867
85 1870862 5702006 2658821 0 23.26848030090332
86 1871262 5703418 2659589 0 22.466997623443604
87 1872291 5712185 2666082 0 21.785999536514282
88 1872355 5712801 2666570 0 21.830953359603882
89 1882692 5793765 2713543 0 22.365045070648193
90 1883094 5795193 2714325 0 21.907816886901855
91 1884043 5803993 2720888 0 21.894003868103027
92 1884107 5804623 2721390 0 20.31700110435486
93 1888509 5831178 2737611 0 22.622999906539917
94 1888573 5831814 2738119 0 20.58904242515564
95 1889470 5838235 2742368 0 20.604959726333618
96 1889534 5838780 2742784 0 22.563711881637573
97 1923096 6449992 3096862 0 23.53378963470459
98 1923160 6450744 3097486 0 23.44361162185669
99 1924193 6462844 3104575 0 22.12399673461914
100 1924281 6464124 3105401 0 23.29895806312561
101 1928223 6494951 3127266 0 21.710419178009033
102 1928308 6496249 3128106 0 23.407040119171143
103 1928981 6505292 3134879 0 23.67499852180481
104 1929045 6505964 3135423 0 21.344955444335938
105 1938091 6595982 3188663 0 20.796003341674805
106 1938170 6597294 3189517 0 20.27904963493347
107 1938763 6606370 3196360 0 21.42220163345337
108 1938827 6607056 3196918 0 24.35304069519043
109 1942421 6635516 3214671 0 22.090956449508667
110 1942485 6636208 3215235 0 21.924952745437622
111 1943026 6642905 3219764 0 22.296004056930542
112 1943090 6643506 3220236 0 21.775473594665527
113 1950333 6839987 3345318 0 21.396034002304077
114 1950412 6841331 3346204 0 21.74504804611206
115 1950881 6850523 3353168 0 22.342955827713013
116 1950945 6851233 3353750 0 21.659998893737793
117 1954213 6880533 3372164 0 21.14163899421692
