1 1 0 0 0 0.0
2 7 0 1 0 0.0009961128234863281
3 61 56 32 0 0.0010004043579101562
4 62 58 34 0 0.0009987354278564453
5 525 920 448 0 0.0070438385009765625
6 526 942 462 0 0.005957603454589844
7 529 958 486 0 0.006001949310302734
8 530 966 494 0 0.005995273590087891
9 3942 9056 4221 0 0.03999948501586914
10 3943 9114 4263 0 0.03900337219238281
11 3991 9398 4447 0 0.037996530532836914
12 3992 9448 4481 0 0.03904414176940918
13 4061 10088 4947 0 0.038001060485839844
14 4062 10142 4985 0 0.04097890853881836
15 4059 10184 5046 0 0.039035797119140625
16 4060 10208 5070 0 0.04000139236450195
17 27822 72923 33450 0 0.29999709129333496
18 27907 73221 33600 0 0.3110475540161133
19 28036 74074 34238 0 0.31800270080566406
20 28037 74200 34332 0 0.3060450553894043
21 28680 77654 36319 0 0.30095362663269043
22 28681 77786 36419 0 0.28999900817871094
23 28767 78472 36885 0 0.2979576587677002
24 28768 78584 36965 0 0.2950429916381836
25 29386 86030 41624 0 0.3130006790161133
26 29387 86172 41734 0 0.32000207901000977
27 29435 86892 42238 0 0.3279585838317871
28 29436 87014 42328 0 0.29999589920043945
29 29521 88633 43573 0 0.3380446434020996
30 29522 88759 43667 0 0.34200167655944824
31 29501 88850 43802 0 0.3009958267211914
32 29502 88914 43866 0 0.29305100440979004
33 193940 543444 247861 0 2.1150028705596924
34 193941 543978 248207 0 2.025951385498047
35 195208 548147 250177 0 2.0550484657287598
36 195377 548761 250495 0 2.139000415802002
37 196780 556943 256212 0 2.049959659576416
38 196953 557575 256544 0 2.1110010147094727
39 197244 559810 258224 0 2.048041820526123
40 197245 560082 258432 0 2.047201156616211
41 201568 587928 273789 0 2.1239583492279053
42 201749 588586 274139 0 2.100996255874634
43 201978 590846 275872 0 2.1450459957122803
44 201979 591132 276094 0 2.0960006713867188
45 203256 599187 280942 0 2.0969560146331787
46 203257 599479 281170 0 2.122044801712036
47 203443 601194 282353 0 2.220954179763794
48 203444 601442 282537 0 2.179046392440796
49 207442 663127 319155 0 2.1679580211639404
50 207443 663721 319537 0 2.146000623703003
51 207572 666064 321361 0 2.0959579944610596
52 207573 666374 321607 0 2.1370012760162354
53 208584 675036 326938 0 2.151001214981079
54 208585 675352 327190 0 2.1060004234313965
55 208671 677150 328464 0 2.201000928878784
56 208672 677422 328672 0 2.1500473022460938
57 209558 695555 340828 0 2.126000165939331
58 209559 695881 341090 0 2.172046661376953
59 209607 697713 342402 0 2.123999834060669
60 209608 697995 342620 0 2.214003801345825
61 209725 701842 345693 0 2.1579978466033936
62 209726 702128 345915 0 2.208004951477051
63 209651 702284 346174 0 2.127042531967163
64 209652 702444 346334 0 2.1499545574188232
65 1350872 3914678 1782360 0 14.602000713348389
66 1351197 3916276 1783294 0 14.400000095367432
67 1352906 3926878 1789842 0 15.431512594223022
68 1352907 3927980 1790568 0 14.485578775405884
69 1365586 3970696 1810525 0 14.404081583023071
70 1365587 3971812 1811261 0 14.516956567764282
71 1368596 3981731 1815951 0 14.466043472290039
72 1368933 3982995 1816623 0 14.423002243041992
73 1375878 4038701 1855730 0 17.187867879867554
74 1375879 4039835 1856484 0 15.93080186843872
75 1378814 4049893 1861287 0 14.582695007324219
76 1379159 4051195 1861989 0 14.631001710891724
77 1382448 4071508 1876265 0 14.63235092163086
78 1382797 4072828 1876981 0 14.608047485351562
79 1383532 4078754 1881432 0 14.529955387115479
80 1383533 4079338 1881888 0 14.608000993728638
81 1410382 4283483 1992882 0 14.803003072738647
82 1410383 4284673 1993676 0 14.785042762756348
83 1413122 4294506 1998430 0 14.82599949836731
84 1413483 4295864 1999172 0 14.786044597625732
85 1416370 4316777 2014076 0 14.823053359985352
86 1416735 4318153 2014832 0 14.979996919631958
87 1417298 4324120 2019404 0 14.838954210281372
88 1417299 4324736 2019892 0 14.871004819869995
89 1424904 4385605 2055260 0 14.902000188827515
90 1425277 4387007 2056034 0 14.931000471115112
91 1425778 4392999 2060659 0 14.80695915222168
92 1425779 4393629 2061161 0 14.834001064300537
93 1428732 4412881 2072982 0 14.950248003005981
94 1428733 4413517 2073490 0 14.91300106048584
95 1429191 4417920 2076521 0 14.889004468917847
96 1429192 4418464 2076937 0 14.90404486656189
97 1454591 4880394 2345056 0 14.993959188461304
98 1454592 4881146 2345680 0 15.0360426902771
99 1455156 4889647 2350706 0 15.052953004837036
100 1455157 4890885 2351520 0 15.017000675201416
101 1457756 4913345 2367527 0 15.087157726287842
102 1457757 4914601 2368355 0 15.126046657562256
103 1458048 4920764 2373139 0 15.050955533981323
104 1458049 4921436 2373683 0 15.035953283309937
105 1464696 4989026 2413688 0 15.169047594070435
106 1464697 4990308 2414534 0 15.129044532775879
107 1464926 4996496 2419371 0 15.122954845428467
108 1464927 4997182 2419929 0 15.17704725265503
109 1467228 5017813 2432869 0 15.151100873947144
110 1467229 5018505 2433433 0 15.194001913070679
111 1467415 5023104 2436676 0 15.186955451965332
112 1467416 5023704 2437148 0 15.170000314712524
113 1472746 5171244 2531279 0 15.31704831123352
114 1472747 5172558 2532157 0 15.308995723724365
115 1472876 5178829 2537085 0 15.3549964427948
116 1472877 5179539 2537667 0 15.323959350585938
117 1474912 5200777 2551090 0 15.32212781906128
118 1474913 5201493 2551678 0 15.471046686172485
119 1474999 5206175 2555012 0 15.429216146469116
120 1475000 5206799 2555508 0 15.426001787185669
121 1476434 5248350 2584912 0 15.512002944946289
122 1476435 5249076 2585510 0 15.4159996509552
123 1476483 5253792 2588882 0 15.423047304153442
124 1476484 5254426 2589388 0 15.44499921798706
125 1476665 5263251 2596639 0 15.512837171554565
126 1476666 5263889 2597149 0 15.46595573425293
127 1476429 5264022 2597530 0 15.453197002410889
128 1476430 5264406 2597914 0 15.468045949935913
129 9431797 27814229 12659203 0 101.42600464820862
130 9434406 27822331 12663101 0 100.82521867752075
131 9442194 27851304 12680925 0 100.83709859848022
132 9442845 27854568 12682861 0 100.97200274467468
133 9461860 27951002 12738806 0 100.98795986175537
134 9462513 27954294 12740762 0 101.09005331993103
135 9466872 27981716 12757770 0 100.95837473869324
136 9466871 27983986 12759288 0 101.14055800437927
137 9550718 28277819 12896155 0 101.97123765945435
138 9551379 28281161 12898145 0 101.37600088119507
139 9555564 28308308 12915110 0 101.62282252311707
140 9555565 28310610 12916652 0 101.41539430618286
141 9584862 28409349 12962974 0 101.57901334762573
142 9584863 28411665 12964526 0 101.71311235427856
143 9592412 28436423 12976123 0 101.86822199821472
144 9593085 28439023 12977539 0 101.55095481872559
145 9619930 28787781 13228291 0 102.09076237678528
146 9620607 28791179 13230321 0 102.05274200439453
147 9624548 28818469 13247437 0 101.75239086151123
148 9624549 28820811 13249019 0 102.00261855125427
149 9653336 28921300 13296621 0 102.18930721282959
150 9653337 28923656 13298213 0 102.2287609577179
151 9660690 28948707 13310051 0 102.19397950172424
152 9661379 28951387 13311531 0 102.14584374427795
153 9674402 29076782 13401927 0 102.28609490394592
154 9674403 29079156 13403537 0 102.19765734672546
155 9681682 29104346 13415488 0 102.40458798408508
156 9682379 29107064 13416998 0 102.45636820793152
157 9690904 29158212 13452973 0 102.29788661003113
158 9691605 29160948 13454497 0 102.28199887275696
159 9693588 29176962 13466476 0 102.46529078483582
160 9693589 29178210 13467468 0 102.52414345741272
161 9866630 30624523 14250311 0 103.9400725364685
162 9866631 30627445 14252429 0 103.96708464622498
163 9869484 30653539 14269333 0 104.06903624534607
164 9869485 30656001 14271003 0 104.14671421051025
165 9897012 30756209 14319032 0 104.05995655059814
166 9897013 30758685 14320712 0 104.07972049713135
167 9903830 30783028 14332338 0 104.40341472625732
168 9904551 30785828 14333906 0 110.23501753807068
169 9916068 30919429 14430708 0 106.33281517028809
170 9916069 30921923 14432406 0 104.29759979248047
171 9922812 30946405 14444145 0 104.37124133110046
172 9923541 30949243 14445743 0 104.86107587814331
173 9931022 31001624 14483127 0 104.39300084114075
174 9931755 31004480 14484739 0 104.43385291099548
175 9933250 31020534 14496990 0 104.4809844493866
176 9933251 31021854 14498054 0 104.63306999206543
177 9974366 31453408 14746805 0 104.81434273719788
178 9974367 31455958 14748543 0 104.8840765953064
179 9980914 31480215 14760233 0 104.92846727371216
180 9981659 31483109 14761871 0 104.86090278625488
181 9988738 31536090 14799883 0 105.01901912689209
182 9989487 31539002 14801535 0 104.78150868415833
183 9990810 31555097 14813907 0 105.1921558380127
184 9990811 31556449 14815003 0 104.96005868911743
185 10006036 31689751 14895052 0 105.45981121063232
186 10006793 31692689 14896722 0 105.16004085540771
187 10008054 31708809 14909147 0 105.19061350822449
188 10008055 31710175 14910257 0 105.31922268867493
189 10015584 31757347 14939318 0 105.33360290527344
190 10015585 31758719 14940434 0 105.47651290893555
191 10016803 31770298 14948313 0 105.22856426239014
192 10016804 31771482 14949241 0 105.53723573684692
193 10185793 35090200 16856806 0 106.59127259254456
194 10185794 35092966 16858720 0 106.72039103507996
195 10186557 35109620 16872311 0 106.57959270477295
196 10186558 35111222 16873657 0 106.58901000022888
197 10197799 35205282 16925328 0 106.90115427970886
198 10197800 35206892 16926682 0 106.56410026550293
199 10199092 35227655 16938912 0 106.7551417350769
200 10199093 35230231 16940640 0 106.57991886138916
201 10213305 35383513 17048355 0 106.70228314399719
202 10213306 35385137 17049723 0 106.74506855010986
203 10214470 35406039 17062066 0 106.95509600639343
204 10214471 35408653 17063824 0 106.76239466667175
205 10221020 35464470 17103720 0 106.93336868286133
206 10221021 35467102 17105492 0 107.21543884277344
207 10221756 35483608 17118227 0 106.7550756931305
208 10221757 35485056 17119419 0 107.00210118293762
209 10261573 35977123 17405867 0 107.52039933204651
210 10261574 35978779 17407267 0 107.50293207168579
211 10262410 35999356 17419561 0 107.8339741230011
212 10262411 36002026 17421359 0 107.75587773323059
213 10268574 36058443 17461883 0 107.49414205551147
214 10268575 36061131 17463695 0 107.92208766937256
215 10269138 36077678 17476551 0 107.57927560806274
216 10269139 36079158 17477775 0 107.65033006668091
217 10282268 36227239 17568399 0 108.01900053024292
218 10282269 36229953 17570229 0 107.91424179077148
219 10282770 36246525 17583138 0 108.02220892906189
220 10282771 36248019 17584376 0 107.82798957824707
221 10288636 36298291 17615981 0 108.15357089042664
222 10288637 36299791 17617225 0 107.79806542396545
223 10289095 36311822 17625588 0 108.07869005203247
224 10289096 36313134 17626644 0 107.85747456550598
225 10321523 37416107 18314408 0 109.10361671447754
226 10321524 37417819 18315864 0 109.06822991371155
227 10322088 37438652 18328430 0 108.952956199646
228 10322089 37441394 18330300 0 109.19151520729065
229 10327600 37499166 18371927 0 108.96908283233643
230 10327601 37501926 18373811 0 108.9891664981842
231 10327892 37518669 18386879 0 109.03396940231323
232 10327893 37520205 18388159 0 109.09337592124939
233 10339692 37674815 18483420 0 109.35701823234558
234 10339693 37677601 18485322 0 109.18816328048706
235 10339922 37694369 18498443 0 109.30015015602112
236 10339923 37695919 18499737 0 109.44647645950317
237 10345136 37747570 18532461 0 109.34115648269653
238 10345137 37749126 18533761 0 109.20402932167053
239 10345323 37761353 18542336 0 109.68284010887146
240 10345324 37762721 18543448 0 109.32940411567688
241 10352490 38092843 18767023 0 109.89158797264099
242 10352491 38095661 18768957 0 109.70480442047119
243 10352620 38112512 18782169 0 109.66906571388245
244 10352621 38114086 18783487 0 110.57781338691711
245 10357568 38166344 18816694 0 111.27158212661743
246 10357569 38167924 18818018 0 109.78807282447815
247 10357655 38180234 18826684 0 109.74316382408142
248 10357656 38181626 18827820 0 109.88359117507935
249 10360222 38273591 18895928 0 109.80308651924133
250 10360223 38275181 18897262 0 110.01307559013367
