1 0 0 0 0.0
2 10 1 1 0.0009984970092773438
3 90 118 58 0.0020046234130859375
4 90 118 58 0.0020198822021484375
5 657 1435 668 0.011992454528808594
6 660 1469 689 0.011043787002563477
7 669 1512 732 0.010032176971435547
8 670 1524 744 0.005951404571533203
9 4578 11976 5502 0.0579991340637207
10 4585 12060 5562 0.05300545692443848
11 4673 12572 5877 0.05299544334411621
12 4678 12648 5928 0.052000999450683594
13 4755 13775 6660 0.052001953125
14 4758 13857 6717 0.04899859428405762
15 4769 14004 6864 0.049045562744140625
16 4770 14040 6900 0.08299040794372559
17 31712 89346 40752 0.33700037002563477
18 31852 89829 40989 0.348996639251709
19 32093 91402 42142 0.3970010280609131
20 32108 91594 42286 0.4009974002838135
21 32697 96056 44870 0.4329984188079834
22 32709 96254 45020 0.35399508476257324
23 32870 97504 45833 0.3390030860900879
24 32880 97676 45956 0.33904409408569336
25 33354 107890 52144 0.33794164657592773
26 33362 108103 52309 0.34600138664245605
27 33451 109414 53183 0.34299659729003906
28 33456 109598 53318 0.34000325202941895
29 33535 112419 55288 0.39304614067077637
30 33538 112609 55429 0.3549532890319824
31 33549 113000 55820 0.3450438976287842
32 33550 113096 55916 0.34099912643432617
33 220371 643280 293619 2.4449567794799805
34 220458 644147 294159 2.3489553928375244
35 222718 651585 297609 2.4930028915405273
36 222991 652559 298103 2.500958204269409
37 224010 662337 305019 2.503995418548584
38 224283 663344 305540 2.440004587173462
39 224838 667508 308612 2.472046375274658
40 224861 667907 308915 2.4459993839263916
41 228373 700223 326829 2.5559520721435547
42 228640 701243 327363 2.4779982566833496
43 229075 705444 330520 2.4899964332580566
44 229096 705870 330850 2.6090006828308105
45 230009 715722 336936 2.488002300262451
46 230028 716157 337275 2.5139973163604736
47 230381 719309 339366 2.4970054626464844
48 230398 719682 339642 2.5779964923858643
49 233425 796092 384520 2.5220465660095215
50 233464 797025 385105 2.6330018043518066
51 233706 801369 388405 2.5350003242492676
52 233720 801834 388774 2.5470004081726074
53 234310 812655 395589 2.5309972763061523
54 234322 813129 395967 2.593003988265991
55 234483 816427 398204 2.564953327178955
56 234492 816836 398516 2.6800475120544434
57 234974 841494 414588 2.588000774383545
58 234982 841983 414981 2.716954231262207
59 235071 845342 417279 2.537043571472168
60 235076 845766 417606 2.634998083114624
61 235155 852403 422480 2.5520012378692627
62 235158 852833 422813 2.6480000019073486
63 235169 853808 423788 2.59799861907959
64 235170 854048 424028 2.6489531993865967
65 1538866 4567545 2085089 17.143842697143555
66 1539411 4569804 2086490 17.09207534790039
67 1542657 4589357 2098448 17.107000827789307
68 1542827 4591148 2099592 17.07699990272522
69 1556061 4639343 2122790 18.100967168807983
70 1556227 4641140 2123940 16.97153639793396
71 1561704 4659138 2132286 16.96350932121277
72 1562246 4661130 2133330 16.961121797561646
73 1564586 4720407 2176994 17.112958192825317
74 1564747 4722228 2178168 17.09095597267151
75 1570077 4740446 2186686 17.095000982284546
76 1570615 4742495 2187775 17.000998735427856
77 1572548 4765253 2204135 17.050952434539795
78 1573081 4767320 2205236 17.094048023223877
79 1574496 4778466 2213466 17.158220052719116
80 1574549 4779351 2214159 19.492099046707153
81 1595666 5008197 2341536 17.077650547027588
82 1595793 5010048 2342748 16.992957592010498
83 1600734 5027773 2351109 16.970006465911865
84 1601271 5029887 2352263 17.001966953277588
85 1602787 5053748 2369582 17.039000272750854
86 1603313 5055862 2370730 17.018333911895752
87 1604395 5067067 2379163 17.0429584980011
88 1604436 5067988 2379892 17.14604139328003
89 1609154 5135790 2419788 17.171998977661133
90 1609676 5137923 2420955 17.081956148147583
91 1610644 5149183 2429491 17.121002435684204
92 1610681 5150125 2430241 17.1769540309906
93 1612325 5172098 2444384 17.1998872756958
94 1612361 5173052 2445146 19.050860166549683
95 1613242 5181232 2450585 19.378817081451416
96 1613277 5182055 2451215 22.535006999969482
97 1633476 5731081 2771237 20.231149673461914
98 1633510 5732209 2772173 18.356844186782837
99 1634565 5747487 2780985 18.84130072593689
100 1634636 5749420 2782236 18.993255376815796
101 1635866 5775716 2801232 18.32404589653015
102 1635928 5777651 2802479 18.045158863067627
103 1636482 5789196 2811252 17.507060527801514
104 1636509 5790219 2812083 17.487969398498535
105 1640241 5867162 2858198 17.69568181037903
106 1640288 5869127 2859479 17.622138500213623
107 1640722 5880709 2868337 17.766852855682373
108 1640744 5881738 2869174 17.795079708099365
109 1641655 5905908 2885034 17.67702054977417
110 1641675 5906946 2885880 17.858855724334717
111 1642027 5915456 2891649 17.723393440246582
112 1642044 5916352 2892352 19.497878313064575
113 1645085 6099220 3007576 18.881006956100464
114 1645124 6101233 3008905 18.200998306274414
115 1645366 6112961 3017909 18.382951974868774
116 1645380 6114026 3018782 17.67500066757202
117 1645970 6139159 3035365 17.735377550125122
118 1645982 6140233 3036247 19.09625768661499
119 1646143 6148899 3042172 21.51866054534912
120 1646152 6149836 3042916 19.717999935150146
121 1646634 6205598 3081404 19.74000072479248
122 1646642 6206687 3082301 18.655000686645508
123 1646731 6215414 3088287 18.168001174926758
124 1646736 6216366 3089046 17.9550461769104
125 1646815 6231515 3100608 18.058716535568237
126 1646818 6232473 3101373 17.850999355316162
127 1646829 6234808 3103708 19.070000648498535
128 1646830 6235384 3104284 19.4520001411438
129 10763994 32244756 14728122 117.68309307098389
130 10767808 32257339 14734035 115.31505227088928
131 10782305 32310957 14766809 115.91966843605042
132 10783383 32315576 14769712 115.99773240089417
133 10797183 32413757 14829129 115.95600843429565
134 10798260 32418417 14832063 120.1237063407898
135 10806651 32469898 14863733 116.61034941673279
136 10806976 32473540 14866088 116.45079493522644
137 10889242 32778255 15009479 116.5734372138977
138 10890320 32782977 15012455 116.11227536201477
139 10898368 32833874 15043997 117.40725612640381
140 10898685 32837541 15046377 122.5430109500885
141 10926674 32940620 15096891 119.53010177612305
142 10926989 32944304 15099288 117.6729941368103
143 10941007 32990031 15120291 116.94846248626709
144 10942083 32994101 15122477 117.42964935302734
145 10948394 33379581 15406021 128.84355974197388
146 10949464 33384387 15409057 127.99405837059021
147 10957034 33435532 15440847 117.73628759384155
148 10957343 33439259 15443287 117.49788498878479
149 10984681 33544907 15495666 117.29143214225769
150 10984987 33548648 15498120 122.09008479118347
151 10998621 33594857 15519509 117.81767916679382
152 10999690 33599050 15521794 117.7785234451294
153 10999607 33723350 15617601 117.07149291038513
154 10999913 33727130 15620094 127.4234471321106
155 11013398 33773553 15641649 125.54391694068909
156 11014470 33777824 15644000 117.32614183425903
157 11018704 33831029 15682775 119.52190160751343
158 11019765 33835300 15685120 118.1669340133667
159 11023632 33865798 15707614 118.3032763004303
160 11023731 33867673 15709105 117.63022804260254
161 11168455 35483420 16604416 119.29506826400757
162 11168686 35487785 16607575 119.0663685798645
163 11174145 35536489 16638844 119.6427071094513
164 11174392 35540306 16641390 119.90519285202026
165 11200288 35646508 16694867 120.12200427055359
166 11200537 35650354 16697442 120.11336708068848
167 11213112 35695070 16718298 120.22727608680725
168 11214165 35699363 16720683 119.79935836791992
169 11213015 35835978 16825381 120.10024213790894
170 11213256 35839839 16827971 120.0071849822998
171 11225694 35884805 16849029 120.58737421035767
172 11226747 35889167 16851471 121.05346417427063
173 11229956 35944705 16892387 120.4585931301117
174 11231005 35949088 16894844 121.00673079490662
175 11233912 35979590 16917774 120.64243531227112
176 11233989 35981555 16919355 120.50763988494873
177 11257774 36457337 17202228 120.67920303344727
178 11257977 36461216 17204844 120.55070614814758
179 11270028 36505695 17225751 120.86169934272766
180 11271068 36510086 17228222 120.61112809181213
181 11273867 36566748 17270118 120.4243893623352
182 11274912 36571187 17272631 120.8255786895752
183 11277474 36601712 17295728 120.59960865974426
184 11277553 36603755 17297387 120.62590980529785
185 11284451 36744041 17383479 120.8930561542511
186 11285484 36748475 17385987 120.7924554347992
187 11287932 36779055 17409187 120.96483325958252
188 11288001 36781101 17410849 122.44457960128784
189 11291413 36830850 17443776 120.80347990989685
190 11291476 36832893 17445435 120.49152326583862
191 11293842 36854648 17459793 120.38141918182373
192 11293910 36856434 17461194 120.48196053504944
193 11434220 40745901 19716175 122.05750179290771
194 11434356 40750177 19719085 122.40644574165344
195 11435816 40781560 19744336 122.56142115592957
196 11435880 40783958 19746350 122.28104901313782
197 11441833 40883795 19805323 121.79352569580078
198 11441894 40886195 19807339 122.01083493232727
199 11444341 40924142 19829172 122.33560419082642
200 11444476 40928120 19831800 121.93026757240295
201 11450462 41093910 19951202 123.07838201522827
202 11450518 41096311 19953219 122.44560122489929
203 11452725 41134487 19975233 122.5167977809906
204 11452844 41138522 19977906 122.6781177520752
205 11455202 41199386 20022630 122.31890153884888
206 11455312 41203438 20025314 122.98471522331238
207 11456730 41234718 20049022 122.20225262641907
208 11456780 41236890 20050810 122.40462851524353
209 11481780 41790189 20380457 122.91857695579529
210 11481830 41792673 20382557 123.19654488563538
211 11483414 41830194 20404444 123.12304162979126
212 11483502 41834280 20407176 123.87659525871277
213 11485466 41896228 20452832 123.7105598449707
214 11485545 41900326 20455570 123.96246719360352
215 11486626 41931636 20479452 123.48573136329651
216 11486668 41933876 20481308 127.32508659362793
217 11491849 42094119 20581507 124.08206844329834
218 11491912 42098227 20584259 123.49183869361877
219 11492874 42129589 20608241 124.99310207366943
220 11492912 42131830 20610098 124.06398844718933
221 11494558 42186353 20646839 125.10517311096191
222 11494594 42188603 20648705 124.52238774299622
223 11495475 42211143 20663848 125.06770849227905
224 11495508 42213112 20665432 123.98365759849548
225 11515736 43532105 21489613 124.77870225906372
226 11515770 43534673 21491797 125.91310453414917
227 11516825 43572620 21514110 124.75333714485168
228 11516896 43576794 21516930 125.07347273826599
229 11518125 43640909 21564273 124.95419430732727
230 11518188 43645115 21567119 125.11478090286255
231 11518742 43676780 21591356 125.69306516647339
232 11518768 43679084 21593276 127.51363778114319
233 11522501 43848210 21699718 126.92528629302979
234 11522548 43852431 21702583 126.58876013755798
235 11522982 43884133 21726905 125.54815411567688
236 11523004 43886458 21728846 125.35043334960938
237 11523914 43943157 21767283 128.86364340782166
238 11523934 43945491 21769233 126.76657104492188
239 11524287 43968371 21784716 125.93019914627075
240 11524304 43970424 21786384 126.4024555683136
241 11527345 44379420 22058968 125.75858545303345
242 11527384 44383689 22061881 125.77037644386292
243 11527626 44415537 22086349 127.63622379302979
244 11527640 44417898 22088326 126.74741911888123
245 11528230 44475575 22127501 133.3836534023285
246 11528242 44477945 22129487 132.9004888534546
247 11528403 44500971 22145116 131.12615323066711
248 11528412 44503060 22146820 140.71599864959717
249 11528894 44624478 22234884 133.31821155548096
250 11528902 44626863 22236885 134.33808207511902
251 11528991 44649950 22252575 134.4121458530426
