1 0 0 0 0 0.0
2 10 1 1 0 0.0
3 90 118 58 0 0.0019965171813964844
4 90 118 58 0 0.001001596450805664
5 657 1435 668 0 0.006995439529418945
6 660 1469 689 0 0.008951425552368164
7 669 1512 732 0 0.010040044784545898
8 670 1524 744 0 0.005997657775878906
9 4578 11976 5502 0 0.04500746726989746
10 4585 12060 5562 0 0.04599428176879883
11 4674 12575 5880 0 0.04603767395019531
12 4679 12651 5931 0 0.04595613479614258
13 4755 13775 6660 0 0.045990705490112305
14 4758 13857 6717 0 0.04399919509887695
15 4769 14004 6864 0 0.04599499702453613
16 4770 14040 6900 0 0.049045562744140625
17 31712 89346 40752 0 0.3229553699493408
18 31852 89829 40989 0 0.3240377902984619
19 32094 91405 42145 0 0.3309597969055176
20 32108 91594 42286 0 0.31999778747558594
21 32697 96056 44870 0 0.3310413360595703
22 32710 96257 45023 0 0.3250010013580322
23 32869 97501 45830 0 0.33299756050109863
24 32879 97673 45953 0 0.37999510765075684
25 33354 107890 52144 0 0.3359971046447754
26 33362 108103 52309 0 0.32999634742736816
27 33451 109414 53183 0 0.33304572105407715
28 33456 109598 53318 0 0.33004140853881836
29 33535 112419 55288 0 0.33399081230163574
30 33538 112609 55429 0 0.33403992652893066
31 33549 113000 55820 0 0.3359978199005127
32 33550 113096 55916 0 0.3440408706665039
33 220371 643280 293619 0 2.331043004989624
34 220460 644153 294165 0 2.3030033111572266
35 222717 651582 297606 0 2.3820416927337646
36 222992 652562 298106 0 2.2690377235412598
37 224012 662343 305025 0 2.290001392364502
38 224284 663347 305543 0 2.3320441246032715
39 224837 667505 308609 0 2.28804087638855
40 224864 667916 308924 0 2.373039484024048
41 228373 700223 326829 0 2.3349997997283936
42 228644 701255 327375 0 2.407012462615967
43 229076 705447 330523 0 2.3399994373321533
44 229098 705876 330856 0 2.4530444145202637
45 230006 715713 336927 0 2.3510396480560303
46 230030 716163 337281 0 2.417954683303833
47 230380 719306 339363 0 2.372044086456299
48 230398 719682 339642 0 2.366961717605591
49 233425 796092 384520 0 2.455043077468872
50 233464 797025 385105 0 2.4039559364318848
51 233706 801369 388405 0 2.4579973220825195
52 233720 801834 388774 0 2.381999969482422
53 234310 812655 395589 0 2.5439538955688477
54 234322 813129 395967 0 2.414957284927368
55 234483 816427 398204 0 2.462998628616333
56 234492 816836 398516 0 2.4580438137054443
57 234974 841494 414588 0 2.475958824157715
58 234982 841983 414981 0 2.4880006313323975
59 235071 845342 417279 0 2.709956407546997
60 235076 845766 417606 0 2.544996976852417
61 235155 852403 422480 0 2.848001718521118
62 235158 852833 422813 0 2.6050052642822266
63 235169 853808 423788 0 2.8360064029693604
64 235170 854048 424028 0 2.8400092124938965
65 1538862 4567533 2085077 0 18.337054014205933
66 1539409 4569798 2086484 0 18.03105354309082
67 1542657 4589357 2098448 0 17.850054264068604
68 1542823 4591146 2099590 0 17.988170623779297
69 1556067 4639361 2122808 0 17.19109535217285
70 1556230 4641149 2123949 0 16.515052556991577
71 1561703 4659135 2132283 0 16.542051315307617
72 1562246 4661130 2133330 0 16.55309271812439
73 1564585 4720404 2176991 0 16.57805037498474
74 1564744 4722219 2178159 0 16.726093292236328
75 1570076 4740443 2186683 0 16.58527708053589
76 1570613 4742489 2187769 0 16.611046314239502
77 1572543 4765238 2204120 0 16.711095809936523
78 1573079 4767314 2205230 0 16.701050758361816
79 1574498 4778472 2213472 0 16.71604895591736
80 1574550 4779354 2214162 0 16.662012577056885
81 1595663 5008188 2341527 0 16.88805079460144
82 1595789 5010036 2342736 0 16.859968423843384
83 1600736 5027779 2351115 0 16.98500633239746
84 1601267 5029875 2352251 0 16.896098136901855
85 1602783 5053736 2369570 0 16.912094831466675
86 1603312 5055859 2370727 0 16.988051414489746
87 1604393 5067061 2379157 0 16.85809350013733
88 1604436 5067988 2379892 0 17.01301145553589
89 1609154 5135790 2419788 0 17.02293348312378
90 1609680 5137935 2420967 0 17.030007123947144
91 1610639 5149168 2429476 0 16.930026531219482
92 1610683 5150131 2430247 0 16.956093788146973
93 1612325 5172098 2444384 0 16.975051164627075
94 1612363 5173058 2445152 0 17.02000856399536
95 1613244 5181238 2450591 0 16.981053829193115
96 1613272 5182040 2451200 0 17.021984577178955
97 1633476 5731081 2771237 0 17.182010412216187
98 1633511 5732224 2772188 0 17.271844148635864
99 1634566 5747507 2781005 0 17.18805503845215
100 1634636 5749410 2782226 0 17.280094385147095
101 1635865 5775701 2801217 0 17.329051971435547
102 1635929 5777671 2802499 0 17.289006233215332
103 1636483 5789244 2811300 0 17.241863489151
104 1636508 5790204 2812068 0 17.519052743911743
105 1640241 5867167 2858203 0 17.354050636291504
106 1640288 5869127 2859479 0 17.458006620407104
107 1640722 5880709 2868337 0 17.400098085403442
108 1640745 5881753 2869189 0 17.376097202301025
109 1641654 5905893 2885019 0 17.459632396697998
110 1641674 5906931 2885865 0 17.379289627075195
111 1642027 5915451 2891644 0 17.470011472702026
112 1642045 5916367 2892367 0 17.488613843917847
113 1645085 6099220 3007576 0 17.748096227645874
114 1645124 6101233 3008905 0 17.730054140090942
115 1645366 6112961 3017909 0 17.675102949142456
116 1645380 6114026 3018782 0 19.45205855369568
117 1645970 6139159 3035365 0 20.33891534805298
118 1645982 6140233 3036247 0 22.35564923286438
119 1646143 6148899 3042172 0 18.92055320739746
120 1646152 6149836 3042916 0 17.863256454467773
121 1646634 6205598 3081404 0 17.83105778694153
122 1646642 6206687 3082301 0 17.760101079940796
123 1646731 6215414 3088287 0 17.80371594429016
124 1646736 6216366 3089046 0 17.846101999282837
125 1646815 6231515 3100608 0 17.72000789642334
126 1646818 6232473 3101373 0 17.92509937286377
127 1646829 6234808 3103708 0 17.7850079536438
128 1646830 6235384 3104284 0 17.789044618606567
129 10763991 32244747 14728113 0 114.85182404518127
130 10767810 32257345 14734041 0 114.44928169250488
131 10782304 32310954 14766806 0 129.4319076538086
132 10783385 32315577 14769713 0 124.92363953590393
133 10797188 32413772 14829144 0 115.8528561592102
134 10798261 32418420 14832066 0 115.56538224220276
135 10806642 32469871 14863706 0 115.64862203598022
136 10806977 32473543 14866091 0 115.42145562171936
137 10889237 32778240 15009464 0 116.6224434375763
138 10890320 32782977 15012455 0 116.7248842716217
139 10898365 32833865 15043988 0 127.034588098526
140 10898684 32837538 15046374 0 117.39374661445618
141 10926671 32940611 15096882 0 117.12288880348206
142 10926987 32944298 15099282 0 118.09341835975647
143 10941004 32990022 15120282 0 115.94229102134705
144 10942084 32994104 15122480 0 116.27751779556274
145 10948391 33379572 15406012 0 116.41809296607971
146 10949462 33384381 15409051 0 115.88459491729736
147 10957032 33435526 15440841 0 125.43135285377502
148 10957345 33439265 15443293 0 116.75469470024109
149 10984682 33544910 15495669 0 118.54432201385498
150 10984987 33548648 15498120 0 117.18656015396118
151 10998624 33594866 15519518 0 117.04436445236206
152 10999691 33599053 15521797 0 118.25959825515747
153 10999602 33723335 15617586 0 118.52276468276978
154 10999913 33727130 15620094 0 117.68324828147888
155 11013401 33773562 15641658 0 124.78001499176025
156 11014469 33777821 15643997 0 118.67225885391235
157 11018704 33831029 15682775 0 123.96855068206787
158 11019769 33835312 15685132 0 118.90368700027466
159 11023633 33865801 15707617 0 117.48208951950073
160 11023729 33867667 15709099 0 117.01365303993225
161 11168452 35483411 16604407 0 118.38782358169556
162 11168688 35487791 16607581 0 118.60238432884216
163 11174144 35536486 16638841 0 118.49581003189087
164 11174399 35540327 16641411 0 118.2997944355011
165 11200289 35646511 16694870 0 118.81428599357605
166 11200539 35650360 16697448 0 119.13514518737793
167 11213115 35695079 16718307 0 118.64553189277649
168 11214163 35699357 16720677 0 118.55742859840393
169 11213015 35835978 16825381 0 118.66558027267456
170 11213262 35839857 16827989 0 118.85721063613892
171 11225697 35884814 16849038 0 118.65986824035645
172 11226737 35889137 16851441 0 118.90037703514099
173 11229957 35944708 16892390 0 118.98064422607422
174 11230998 35949067 16894823 0 118.6842770576477
175 11233909 35979581 16917765 0 119.36616086959839
176 11233990 35981558 16919358 0 119.046635389328
177 11257768 36457319 17202210 0 119.6158058643341
178 11257976 36461213 17204841 0 120.92380046844482
179 11270022 36505677 17225733 0 119.50527858734131
180 11271069 36510089 17228225 0 119.44133281707764
181 11273866 36566745 17270115 0 119.48586797714233
182 11274908 36571175 17272619 0 119.42395377159119
183 11277479 36601727 17295743 0 119.56472778320312
184 11277552 36603752 17297384 0 119.70305037498474
185 11284449 36744035 17383473 0 119.97963261604309
186 11285482 36748469 17385981 0 122.91104865074158
187 11287936 36779067 17409199 0 125.41359639167786
188 11288009 36781125 17410873 0 121.33998513221741
189 11291409 36830838 17443764 0 119.78900289535522
190 11291481 36832908 17445450 0 120.4421501159668
191 11293846 36854660 17459805 0 120.04620265960693
192 11293912 36856440 17461200 0 120.90556836128235
193 11434220 40745901 19716175 0 124.68196558952332
194 11434357 40750187 19719095 0 125.43501138687134
195 11435816 40781555 19744331 0 125.10742354393005
196 11435881 40783973 19746365 0 124.84350204467773
197 11441832 40883780 19805308 0 124.85885190963745
198 11441895 40886220 19807364 0 125.02453875541687
199 11444341 40924142 19829172 0 125.01654052734375
200 11444476 40928120 19831800 0 125.02475261688232
201 11450461 41093895 19951187 0 125.40720844268799
202 11450520 41096346 19953254 0 125.25258374214172
203 11452725 41134492 19975238 0 125.35162591934204
204 11452844 41138527 19977911 0 125.14561367034912
205 11455202 41199391 20022635 0 125.55781483650208
206 11455313 41203468 20025344 0 125.19149279594421
207 11456732 41234753 20049057 0 126.8814389705658
208 11456782 41236920 20050840 0 125.73634934425354
209 11481781 41790209 20380477 0 126.09698224067688
210 11481830 41792678 20382562 0 126.45560812950134
211 11483413 41830179 20404429 0 126.77117943763733
212 11483500 41834260 20407156 0 125.89052605628967
213 11485465 41896218 20452822 0 125.68685173988342
214 11485544 41900311 20455555 0 125.32201051712036
215 11486626 41931636 20479452 0 125.28377413749695
216 11486668 41933861 20481293 0 125.73821258544922
217 11491849 42094119 20581507 0 125.90837049484253
218 11491913 42098247 20584279 0 125.70211052894592
219 11492874 42129594 20608246 0 126.08718681335449
220 11492912 42131830 20610098 0 125.7439033985138
221 11494558 42186353 20646839 0 126.78234624862671
222 11494594 42188618 20648720 0 125.6049439907074
223 11495476 42211173 20663878 0 124.43737649917603
224 11495508 42213117 20665437 0 123.55932950973511
225 11515736 43532105 21489613 0 124.95344853401184
226 11515770 43534673 21491797 0 125.11005210876465
227 11516825 43572615 21514105 0 125.10621857643127
228 11516896 43576794 21516930 0 125.77696800231934
229 11518125 43640909 21564273 0 124.62601375579834
230 11518188 43645115 21567119 0 125.03331017494202
231 11518742 43676780 21591356 0 124.62682557106018
232 11518768 43679084 21593276 0 124.84156322479248
233 11522501 43848210 21699718 0 125.85853886604309
234 11522548 43852436 21702588 0 125.16317367553711
235 11522982 43884133 21726905 0 125.27256298065186
236 11523004 43886458 21728846 0 125.28311610221863
237 11523914 43943157 21767283 0 125.53884887695312
238 11523934 43945491 21769233 0 125.1150164604187
239 11524287 43968376 21784721 0 125.84702134132385
240 11524304 43970429 21786389 0 127.29836010932922
241 11527345 44379420 22058968 0 125.60924863815308
242 11527384 44383689 22061881 0 125.9566445350647
243 11527626 44415537 22086349 0 125.72309947013855
244 11527640 44417898 22088326 0 125.93521761894226
245 11528230 44475575 22127501 0 125.5496335029602
246 11528242 44477945 22129487 0 126.66593313217163
247 11528403 44500971 22145116 0 125.55175352096558
248 11528412 44503060 22146820 0 125.71102142333984
249 11528894 44624478 22234884 0 126.23329281806946
250 11528902 44626863 22236885 0 126.17428612709045
