1 0 0 0 0 0.0
2 5 0 1 0 0.0
3 58 56 32 0 0.0009958744049072266
4 58 58 34 0 0.0009984970092773438
5 520 920 448 0 0.006999492645263672
6 520 942 462 0 0.007009983062744141
7 522 958 486 0 0.0070002079010009766
8 522 966 494 0 0.004044294357299805
9 3933 9056 4221 0 0.03999948501586914
10 3933 9114 4263 0 0.04104256629943848
11 3980 9398 4447 0 0.039000511169433594
12 3980 9448 4481 0 0.03899717330932617
13 4048 10088 4947 0 0.03704476356506348
14 4048 10142 4985 0 0.04100155830383301
15 4044 10184 5046 0 0.03804898262023926
16 4044 10208 5070 0 0.03899717330932617
17 27805 72923 33450 0 0.2930023670196533
18 27889 73221 33600 0 0.2910444736480713
19 28017 74074 34238 0 0.33899974822998047
20 28017 74200 34332 0 0.39504456520080566
21 28659 77654 36319 0 0.31203484535217285
22 28659 77786 36419 0 0.3319995403289795
23 28744 78472 36885 0 0.3020436763763428
24 28744 78584 36965 0 0.34199953079223633
25 29361 86030 41624 0 0.3489990234375
26 29361 86172 41734 0 0.3099980354309082
27 29408 86892 42238 0 0.3000037670135498
28 29408 87014 42328 0 0.33899569511413574
29 29492 88633 43573 0 0.28804445266723633
30 29492 88759 43667 0 0.2890493869781494
31 29470 88850 43802 0 0.31504106521606445
32 29470 88914 43866 0 0.2989542484283447
33 193907 543444 247861 0 2.114044666290283
34 193907 543978 248207 0 2.037998914718628
35 195173 548147 250177 0 2.152043342590332
36 195341 548761 250495 0 2.2247540950775146
37 196743 556943 256212 0 2.1442532539367676
38 196915 557575 256544 0 2.1827125549316406
39 197205 559810 258224 0 2.3692209720611572
40 197205 560082 258432 0 2.469177722930908
41 201527 587928 273789 0 2.38792085647583
42 201707 588586 274139 0 2.452162265777588
43 201935 590846 275872 0 2.185863971710205
44 201935 591132 276094 0 2.4391250610351562
45 203211 599187 280942 0 2.40517520904541
46 203211 599479 281170 0 2.2470412254333496
47 203396 601194 282353 0 2.2829978466033936
48 203396 601442 282537 0 2.3080005645751953
49 207393 663127 319155 0 2.2999582290649414
50 207393 663721 319537 0 2.2920420169830322
51 207521 666064 321361 0 2.2330026626586914
52 207521 666374 321607 0 2.2369577884674072
53 208531 675036 326938 0 2.108995199203491
54 208531 675352 327190 0 2.1329996585845947
55 208616 677150 328464 0 2.3099584579467773
56 208616 677422 328672 0 2.221036672592163
57 209501 695555 340828 0 2.1050007343292236
58 209501 695881 341090 0 2.1400012969970703
59 209548 697713 342402 0 2.1799557209014893
60 209548 697995 342620 0 2.122957706451416
61 209664 701842 345693 0 2.142042875289917
62 209664 702128 345915 0 2.117000102996826
63 209588 702284 346174 0 2.2129452228546143
64 209588 702444 346334 0 2.4180285930633545
65 1350807 3914678 1782360 0 14.4140043258667
66 1351131 3916276 1783294 0 14.62595534324646
67 1352839 3926878 1789842 0 14.349613666534424
68 1352839 3927980 1790568 0 14.338956356048584
69 1365517 3970696 1810525 0 14.620954275131226
70 1365517 3971812 1811261 0 14.428041219711304
71 1368525 3981731 1815951 0 14.462035894393921
72 1368861 3982995 1816623 0 14.429007053375244
73 1375805 4038701 1855730 0 14.538951635360718
74 1375805 4039835 1856484 0 14.499046325683594
75 1378739 4049893 1861287 0 14.572151184082031
76 1379083 4051195 1861989 0 14.499042987823486
77 1382371 4071508 1876265 0 14.494001388549805
78 1382719 4072828 1876981 0 14.52099871635437
79 1383453 4078754 1881432 0 14.524999141693115
80 1383453 4079338 1881888 0 14.719955205917358
81 1410301 4283483 1992882 0 14.862046480178833
82 1410301 4284673 1993676 0 14.757000207901001
83 1413039 4294506 1998430 0 14.836971521377563
84 1413399 4295864 1999172 0 14.845006465911865
85 1416285 4316777 2014076 0 14.779000759124756
86 1416649 4318153 2014832 0 14.787001609802246
87 1417211 4324120 2019404 0 14.790043830871582
88 1417211 4324736 2019892 0 14.823954343795776
89 1424815 4385605 2055260 0 14.841000318527222
90 1425187 4387007 2056034 0 14.926996231079102
91 1425687 4392999 2060659 0 14.907001733779907
92 1425687 4393629 2061161 0 14.865004539489746
93 1428639 4412881 2072982 0 14.893958330154419
94 1428639 4413517 2073490 0 14.857001066207886
95 1429096 4417920 2076521 0 14.840998888015747
96 1429096 4418464 2076937 0 14.926998615264893
97 1454494 4880394 2345056 0 15.042999267578125
98 1454494 4881146 2345680 0 14.938760995864868
99 1455057 4889647 2350706 0 14.988610982894897
100 1455057 4890885 2351520 0 15.03958773612976
101 1457655 4913345 2367527 0 15.096044301986694
102 1457655 4914601 2368355 0 15.02606725692749
103 1457945 4920764 2373139 0 15.088997840881348
104 1457945 4921436 2373683 0 15.159772872924805
105 1464591 4989026 2413688 0 15.084432601928711
106 1464591 4990308 2414534 0 15.87601375579834
107 1464819 4996496 2419371 0 15.396417379379272
108 1464819 4997182 2419929 0 16.294381380081177
109 1467119 5017813 2432869 0 16.18098282814026
110 1467119 5018505 2433433 0 16.147984266281128
111 1467304 5023104 2436676 0 15.31369948387146
112 1467304 5023704 2437148 0 15.474545001983643
113 1472633 5171244 2531279 0 15.754137992858887
114 1472633 5172558 2532157 0 15.344970226287842
115 1472761 5178829 2537085 0 15.36851954460144
116 1472761 5179539 2537667 0 15.338951587677002
117 1474795 5200777 2551090 0 15.53299617767334
118 1474795 5201493 2551678 0 17.23669457435608
119 1474880 5206175 2555012 0 16.448899507522583
120 1474880 5206799 2555508 0 16.6779305934906
121 1476313 5248350 2584912 0 16.28118920326233
122 1476313 5249076 2585510 0 16.336544036865234
123 1476360 5253792 2588882 0 16.182941913604736
124 1476360 5254426 2589388 0 16.443190813064575
125 1476540 5263251 2596639 0 16.13298749923706
126 1476540 5263889 2597149 0 16.33213186264038
127 1476302 5264022 2597530 0 15.510023832321167
128 1476302 5264406 2597914 0 15.611956119537354
129 9431668 27814229 12659203 0 105.91005778312683
130 9434276 27822331 12663101 0 106.45727276802063
131 9442063 27851304 12680925 0 103.64359140396118
132 9442711 27854566 12682859 0 106.4191472530365
133 9461727 27951002 12738806 0 105.72784423828125
134 9462379 27954294 12740762 0 105.73422861099243
135 9466735 27981714 12757768 0 105.59769439697266
136 9466735 27983986 12759288 0 104.4804539680481
137 9550581 28277819 12896155 0 104.25490713119507
138 9551241 28281161 12898145 0 107.56213426589966
139 9555427 28308310 12915112 0 107.55506896972656
140 9555425 28310610 12916652 0 107.19626665115356
141 9584721 28409349 12962974 0 106.33998560905457
142 9584721 28411665 12964526 0 105.5789487361908
143 9592269 28436423 12976123 0 107.85049700737
144 9592941 28439023 12977539 0 106.18724513053894
145 9619785 28787781 13228291 0 106.66982102394104
146 9620461 28791179 13230321 0 106.21918725967407
147 9624401 28818469 13247437 0 104.10817384719849
148 9624401 28820811 13249019 0 105.94927668571472
149 9653187 28921300 13296621 0 105.9226746559143
150 9653187 28923656 13298213 0 106.42110252380371
151 9660539 28948707 13310051 0 106.74267053604126
152 9661227 28951387 13311531 0 105.24342155456543
153 9674249 29076782 13401927 0 106.57834029197693
154 9674249 29079156 13403537 0 106.47795915603638
155 9681527 29104346 13415488 0 106.41749739646912
156 9682223 29107064 13416998 0 106.6860408782959
157 9690747 29158212 13452973 0 106.9075083732605
158 9691447 29160948 13454497 0 107.39718842506409
159 9693429 29176962 13466476 0 104.93745183944702
160 9693429 29178210 13467468 0 103.45733618736267
161 9866469 30624523 14250311 0 104.67508149147034
162 9866469 30627445 14252429 0 104.06837391853333
163 9869321 30653539 14269333 0 106.26609659194946
164 9869321 30656001 14271003 0 105.61331105232239
165 9896847 30756209 14319032 0 105.36095237731934
166 9896847 30758685 14320712 0 104.62365961074829
167 9903663 30783028 14332338 0 109.26334762573242
168 9904383 30785828 14333906 0 105.86700677871704
169 9915899 30919429 14430708 0 106.00099015235901
170 9915899 30921923 14432406 0 106.15795850753784
171 9922641 30946405 14444145 0 105.2988166809082
172 9923369 30949243 14445743 0 105.16168236732483
173 9930849 31001624 14483127 0 105.28322148323059
174 9931581 31004480 14484739 0 105.2616515159607
175 9933075 31020534 14496990 0 105.80777406692505
176 9933075 31021854 14498054 0 106.19942927360535
177 9974189 31453408 14746805 0 106.23758745193481
178 9974189 31455958 14748543 0 105.5988118648529
179 9980735 31480215 14760233 0 105.74759221076965
180 9981479 31483109 14761871 0 105.72718334197998
181 9988557 31536090 14799883 0 105.73692011833191
182 9989305 31539002 14801535 0 105.82816123962402
183 9990627 31555097 14813907 0 106.08660054206848
184 9990627 31556449 14815003 0 105.70364212989807
185 10005851 31689751 14895052 0 106.01368927955627
186 10006607 31692689 14896722 0 106.25810432434082
187 10007867 31708809 14909147 0 106.11452460289001
188 10007867 31710175 14910257 0 105.87090134620667
189 10015395 31757347 14939318 0 106.07076478004456
190 10015395 31758719 14940434 0 106.15116119384766
191 10016612 31770298 14948313 0 106.15192580223083
192 10016612 31771482 14949241 0 106.42834401130676
193 10185600 35090200 16856806 0 107.69688391685486
194 10185600 35092966 16858720 0 112.12136483192444
195 10186362 35109620 16872311 0 107.44166040420532
196 10186362 35111222 16873657 0 107.03652882575989
197 10197602 35205282 16925328 0 107.21145224571228
198 10197602 35206892 16926682 0 106.39134788513184
199 10198893 35227655 16938912 0 107.2051842212677
200 10198893 35230231 16940640 0 113.89968156814575
201 10213104 35383513 17048355 0 111.34757876396179
202 10213104 35385137 17049723 0 108.26614165306091
203 10214267 35406039 17062066 0 107.22125434875488
204 10214267 35408653 17063824 0 106.77594184875488
205 10220815 35464470 17103720 0 106.65105724334717
206 10220815 35467102 17105492 0 106.48706650733948
207 10221549 35483608 17118227 0 106.44816589355469
208 10221549 35485056 17119419 0 106.43612408638
209 10261364 35977123 17405867 0 107.01504516601562
210 10261364 35978779 17407267 0 107.01309299468994
211 10262199 35999356 17419561 0 107.08465933799744
212 10262199 36002026 17421359 0 107.04492449760437
213 10268361 36058443 17461883 0 106.97814965248108
214 10268361 36061131 17463695 0 106.99803876876831
215 10268923 36077678 17476551 0 107.15099668502808
216 10268923 36079158 17477775 0 107.2040524482727
217 10282051 36227239 17568399 0 107.27830958366394
218 10282051 36229953 17570229 0 107.41132616996765
219 10282551 36246525 17583138 0 107.32066583633423
220 10282551 36248019 17584376 0 107.40305948257446
221 10288415 36298291 17615981 0 107.5320417881012
222 10288415 36299791 17617225 0 107.48507642745972
223 10288872 36311822 17625588 0 113.73902630805969
224 10288872 36313134 17626644 0 107.44906306266785
225 10321298 37416107 18314408 0 108.53600120544434
226 10321298 37417819 18315864 0 108.78112816810608
227 10321861 37438652 18328430 0 108.54897952079773
228 10321861 37441394 18330300 0 108.57162714004517
229 10327371 37499166 18371927 0 108.5620584487915
230 10327371 37501926 18373811 0 108.75000262260437
231 10327661 37518669 18386879 0 108.51507353782654
232 10327661 37520205 18388159 0 108.70012378692627
233 10339459 37674815 18483420 0 108.9121515750885
234 10339459 37677601 18485322 0 108.66265988349915
235 10339687 37694369 18498443 0 108.88810634613037
236 10339687 37695919 18499737 0 108.7050039768219
237 10344899 37747570 18532461 0 109.01711988449097
238 10344899 37749126 18533761 0 108.78959727287292
239 10345084 37761353 18542336 0 108.75403118133545
240 10345084 37762721 18543448 0 108.88707399368286
241 10352249 38092843 18767023 0 109.03600430488586
242 10352249 38095661 18768957 0 109.52500557899475
243 10352377 38112512 18782169 0 109.27612090110779
244 10352377 38114086 18783487 0 109.10164999961853
245 10357323 38166344 18816694 0 109.14710712432861
246 10357323 38167924 18818018 0 109.27766418457031
247 10357408 38180234 18826684 0 109.24400162696838
248 10357408 38181626 18827820 0 109.25587892532349
249 10359973 38273591 18895928 0 109.3628408908844
250 10359973 38275181 18897262 0 116.12658596038818
