1 1 0 0 0 0.0010013580322265625
2 8 0 1 0 0.0
3 87 79 43 0 0.00099945068359375
4 90 81 45 0 0.001001119613647461
5 719 1270 615 0 0.014045476913452148
6 723 1293 629 0 0.007958650588989258
7 743 1317 658 0 0.005995512008666992
8 748 1325 666 0 0.006998538970947266
9 5279 12227 5682 0 0.054001569747924805
10 5287 12285 5724 0 0.09795355796813965
11 5380 12689 5979 0 0.05399823188781738
12 5388 12740 6013 0 0.05500459671020508
13 5513 13646 6668 0 0.06299853324890137
14 5521 13701 6706 0 0.0599970817565918
15 5555 13764 6776 0 0.05604052543640137
16 5564 13788 6800 0 0.05204129219055176
17 36894 97108 44480 0 0.3970458507537842
18 36996 97432 44638 0 0.5519545078277588
19 37225 98672 45528 0 0.4410436153411865
20 37241 98798 45622 0 0.3949587345123291
21 38181 103564 48352 0 0.44800376892089844
22 38197 103696 48452 0 0.42100095748901367
23 38374 104681 49098 0 0.4940025806427002
24 38390 104794 49178 0 0.39300060272216797
25 39285 114958 55502 0 0.38500475883483887
26 39301 115100 55612 0 0.388042688369751
27 39434 116132 56309 0 0.3830440044403076
28 39450 116255 56399 0 0.53005051612854
29 39639 118545 58153 0 0.3900468349456787
30 39655 118672 58247 0 0.4230470657348633
31 39711 118809 58392 0 0.38504600524902344
32 39728 118873 58456 0 0.3979940414428711
33 255961 719025 327652 0 2.907057046890259
34 256023 719599 328012 0 2.8420567512512207
35 257908 725503 330787 0 2.841963529586792
36 258107 726153 331117 0 2.841012716293335
37 260206 737422 338938 0 2.812013626098633
38 260406 738090 339282 0 2.8870105743408203
39 260919 741359 341649 0 2.809006690979004
40 260951 741631 341857 0 2.887058973312378
41 266834 778879 362363 0 2.870058059692383
42 267036 779563 362721 0 3.0750136375427246
43 267469 782865 365158 0 2.9200100898742676
44 267501 783151 365380 0 2.9129695892333984
45 269399 794265 372037 0 2.8280088901519775
46 269431 794557 372265 0 2.964017629623413
47 269812 797040 373912 0 2.9330103397369385
48 269844 797289 374096 0 2.8560125827789307
49 275203 879629 422854 0 2.9200081825256348
50 275250 880253 423244 0 2.8910155296325684
51 275559 883671 425802 0 2.9780077934265137
52 275591 883981 426048 0 2.8930585384368896
53 277163 895935 433366 0 3.3850152492523193
54 277195 896251 433618 0 3.1495532989501953
55 277452 898850 435386 0 3.3931186199188232
56 277484 899123 435594 0 2.9490790367126465
57 278839 923798 452066 0 2.9420113563537598
58 278871 924124 452328 0 2.9262940883636475
59 279084 926770 454147 0 2.8769445419311523
60 279116 927053 454365 0 2.916058301925659
61 279433 932501 458713 0 3.0660135746002197
62 279465 932788 458935 0 2.884007215499878
63 279547 933026 459180 0 2.9690117835998535
64 279580 933186 459340 0 2.9030585289001465
65 1780501 5164323 2350172 0 19.20564603805542
66 1780891 5165852 2351106 0 18.928125619888306
67 1783491 5181176 2360468 0 18.825079202651978
68 1783610 5182347 2361218 0 18.89903426170349
69 1800968 5240846 2388560 0 19.054075717926025
70 1801086 5242026 2389318 0 19.015368938446045
71 1805578 5256218 2395966 0 19.012115478515625
72 1805971 5257538 2396658 0 19.030071258544922
73 1814965 5330995 2448261 0 19.088072538375854
74 1815083 5332193 2449037 0 19.07407283782959
75 1819482 5346571 2455843 0 19.010029554367065
76 1819877 5347929 2456565 0 23.799721240997314
77 1824798 5375830 2476043 0 19.578073263168335
78 1825194 5377206 2476779 0 19.08807063102722
79 1826455 5385921 2483113 0 19.248117685317993
80 1826519 5386505 2483569 0 19.077030420303345
81 1861781 5656572 2630189 0 19.433074474334717
82 1861887 5657802 2630997 0 19.43615460395813
83 1866028 5671848 2637718 0 19.439033031463623
84 1866427 5673242 2638472 0 19.303937673568726
85 1870862 5702006 2658821 0 19.53112030029297
86 1871262 5703418 2659589 0 19.44802761077881
87 1872291 5712185 2666082 0 19.45407462120056
88 1872355 5712801 2666570 0 19.494123935699463
89 1882692 5793765 2713543 0 19.53007411956787
90 1883094 5795193 2714325 0 19.565074682235718
91 1884043 5803993 2720888 0 19.630117416381836
92 1884107 5804623 2721390 0 19.52903151512146
93 1888509 5831178 2737611 0 19.626028299331665
94 1888573 5831814 2738119 0 19.756192445755005
95 1889470 5838235 2742368 0 19.58182406425476
96 1889534 5838780 2742784 0 19.751075267791748
97 1923096 6449992 3096862 0 19.804118633270264
98 1923160 6450744 3097486 0 19.822076320648193
99 1924193 6462844 3104575 0 19.805119037628174
100 1924281 6464124 3105401 0 19.904072284698486
101 1928223 6494951 3127266 0 19.94845223426819
102 1928308 6496249 3128106 0 19.940117597579956
103 1928981 6505292 3134879 0 20.01600408554077
104 1929045 6505964 3135423 0 19.86107587814331
105 1938091 6595982 3188663 0 20.18107509613037
106 1938170 6597294 3189517 0 20.20512342453003
107 1938763 6606370 3196360 0 19.992193460464478
108 1938827 6607056 3196918 0 19.986074447631836
109 1942421 6635516 3214671 0 19.974080562591553
110 1942485 6636208 3215235 0 20.119073629379272
111 1943026 6642905 3219764 0 19.99303436279297
112 1943090 6643506 3220236 0 19.996118307113647
113 1950333 6839987 3345318 0 20.231980562210083
114 1950412 6841331 3346204 0 20.1940758228302
115 1950881 6850523 3353168 0 20.15785026550293
116 1950945 6851233 3353750 0 20.26107692718506
117 1954213 6880533 3372164 0 20.240081787109375
118 1954277 6881249 3372752 0 20.399592399597168
119 1954694 6888062 3377402 0 20.3111252784729
120 1954758 6888687 3377898 0 20.272080898284912
121 1957045 6945054 3417684 0 20.276071071624756
122 1957109 6945780 3418282 0 20.320031881332397
123 1957482 6952640 3422983 0 20.220069408416748
124 1957546 6953275 3423489 0 20.289154291152954
125 1958119 6965816 3433814 0 20.353029489517212
126 1958183 6966455 3434324 0 20.269025325775146
127 1958263 6966675 3434552 0 20.24807357788086
128 1958328 6967059 3434936 0 20.344120264053345
129 12425183 36650052 16675936 0 132.64397478103638
130 12427820 36658423 16679884 0 132.4516100883484
131 12439425 36700797 16705330 0 132.37382674217224
132 12440196 36703921 16707264 0 132.1638069152832
133 12467129 36836229 16783537 0 132.3146026134491
134 12467901 36839382 16785493 0 132.412584066391
135 12474523 36879353 16810023 0 132.26675295829773
136 12474756 36881752 16811587 0 132.5359971523285
137 12585202 37269072 16991987 0 133.1649022102356
138 12585980 37272273 16993977 0 133.14469003677368
139 12592360 37311837 17018438 0 133.17060112953186
140 12592591 37314256 17020020 0 133.40225625038147
141 12632774 37449636 17083549 0 133.46305656433105
142 12633004 37452064 17085139 0 133.58142375946045
143 12644294 37487836 17101702 0 133.3102250099182
144 12645075 37490532 17103154 0 133.1675181388855
145 12678357 37943809 17430135 0 134.0986783504486
146 12679139 37947066 17432165 0 133.98774981498718
147 12685179 37986828 17456829 0 133.8167700767517
148 12685410 37989287 17458451 0 134.1115219593048
149 12724950 38127059 17523715 0 134.65062355995178
150 12725180 38129527 17525345 0 134.09012746810913
151 12736212 38165693 17542243 0 134.10372138023376
152 12736997 38168469 17543759 0 134.32464814186096
153 12753313 38332008 17662111 0 134.81881093978882
154 12753543 38334494 17663759 0 134.73151063919067
155 12764482 38370846 17680815 0 134.16503953933716
156 12765269 38373660 17682361 0 134.59749388694763
157 12777910 38443720 17731315 0 134.59602785110474
158 12778698 38446552 17732875 0 134.3878617286682
159 12781995 38470213 17750087 0 134.40889692306519
160 12782123 38471461 17751079 0 134.66884684562683
161 13009439 40377272 18781804 0 136.56054091453552
162 13009643 40380194 18783922 0 136.59308624267578
163 13014139 40418184 18808238 0 136.81660890579224
164 13014346 40420715 18809932 0 136.4452486038208
165 13052312 40558320 18875866 0 136.97560143470764
166 13052518 40560860 18877568 0 137.08058619499207
167 13062818 40595974 18894118 0 137.01622915267944
168 13063611 40598830 18895706 0 136.73294067382812
169 13078213 40773770 19022797 0 137.24449586868286
170 13078419 40776328 19024517 0 136.91782522201538
171 13088626 40811628 19041225 0 137.8485291004181
172 13089421 40814522 19042843 0 136.99236845970154
173 13100778 40886359 19093749 0 137.10525059700012
174 13101574 40889271 19095381 0 143.24905586242676
175 13104191 40912972 19112949 0 141.24953365325928
176 13104319 40914292 19114013 0 147.50762915611267
177 13157635 41482876 19441457 0 143.83468675613403
178 13157829 41485466 19443209 0 152.48252320289612
179 13167778 41520434 19459832 0 139.26148891448975
180 13168577 41523364 19461482 0 141.94663286209106
181 13179448 41596064 19513259 0 141.20227360725403
182 13180248 41599012 19514923 0 142.56952023506165
183 13182633 41622765 19532650 0 139.96447706222534
184 13182761 41624117 19533746 0 149.68705582618713
185 13203182 41799914 19639251 0 142.49471306800842
186 13203984 41802878 19640929 0 147.9220793247223
187 13206289 41826664 19658726 0 137.46884417533875
188 13206417 41828030 19659836 0 137.35292959213257
189 13217591 41893081 19699685 0 138.29077196121216
190 13217719 41894453 19700801 0 137.68075847625732
191 13219972 41911444 19711940 0 137.17379641532898
192 13220100 41912629 19712868 0 137.8871021270752
193 13443424 46287845 22225107 0 138.79095363616943
194 13443591 46290683 22227045 0 139.17793703079224
195 13445176 46315235 22246390 0 138.7708034515381
196 13445304 46316837 22247736 0 138.80103826522827
197 13461840 46446337 22318490 0 140.3640534877777
198 13461968 46447947 22319844 0 139.3698365688324
199 13464295 46477799 22337206 0 139.26209497451782
200 13464465 46480441 22338954 0 139.4712131023407
201 13483394 46682046 22480635 0 139.38344478607178
202 13483522 46683670 22482003 0 139.28471565246582
203 13485679 46713708 22499523 0 139.9489996433258
204 13485843 46716388 22501301 0 139.58176493644714
205 13495751 46792821 22555659 0 139.6558382511139
206 13495912 46795519 22557451 0 140.5350534915924
207 13497493 46819860 22575655 0 139.3579339981079
208 13497621 46821308 22576847 0 139.77179956436157
209 13550220 47470875 22954387 0 140.80759143829346
210 13550348 47472531 22955787 0 140.1157784461975
211 13552057 47502093 22973222 0 141.24307537078857
212 13552209 47504805 22975032 0 141.05822110176086
213 13561647 47582105 23030261 0 140.37414717674255
214 13561796 47584835 23032085 0 140.4808325767517
215 13563145 47609228 23050448 0 140.7827444076538
216 13563273 47610708 23051672 0 141.49773144721985
217 13580957 47806396 23171463 0 140.69016218185425
218 13581100 47809140 23173301 0 140.81257510185242
219 13582369 47833566 23191734 0 141.35509634017944
220 13582497 47835060 23192972 0 140.7891936302185
221 13591587 47904389 23236305 0 141.106915473938
222 13591715 47905889 23237549 0 141.7946035861969
223 13592932 47923520 23249324 0 141.55479907989502
224 13593060 47924833 23250380 0 141.16502499580383
225 13636146 49382932 24157936 0 143.1986527442932
226 13636274 49384644 24159392 0 143.60008883476257
227 13637627 49414558 24177195 0 142.32474541664124
228 13637779 49417342 24179077 0 143.11209750175476
229 13646409 49496519 24235822 0 142.40737175941467
230 13646558 49499321 24237718 0 143.31059575080872
231 13647551 49523990 24256361 0 143.10207772254944
232 13647679 49525526 24257641 0 143.04811930656433
233 13663749 49730080 24383699 0 143.61751914024353
234 13663892 49732896 24385609 0 143.8792495727539
235 13664805 49757598 24404322 0 146.107807636261
236 13664933 49759148 24405616 0 147.69001412391663
237 13673215 49830382 24450481 0 143.12418174743652
238 13673343 49831938 24451781 0 142.8091480731964
239 13674204 49849845 24463836 0 143.05983471870422
240 13674332 49851214 24464948 0 143.42459964752197
241 13684083 50289395 24761286 0 143.20710110664368
242 13684226 50292243 24763228 0 143.36104941368103
243 13685015 50317061 24782062 0 143.35619974136353
244 13685143 50318635 24783380 0 143.31523537635803
245 13693099 50390709 24828906 0 143.31620526313782
246 13693227 50392289 24830230 0 143.57559180259705
247 13693964 50410312 24842406 0 143.36272072792053
248 13694092 50411705 24843542 0 143.520033121109
249 13698279 50536046 24935560 0 143.69563674926758
250 13698407 50537636 24936894 0 143.5793445110321
