1 1 0 0 0
2 8 4 0 0
3 45 45 0 0
4 64 48 0 0
5 275 310 0 0
6 360 396 0 0
7 441 441 0 0
8 512 448 0 0
9 1863 2439 0 0
10 2200 2580 0 0
11 2541 2970 0 0
12 2880 3312 0 0
13 3211 3406 0 0
14 3528 3724 0 0
15 3825 3825 0 0
16 4096 3840 0 0
17 13583 17595 0 0
18 14904 19836 0 0
19 16245 20501 0 0
20 17600 21040 0 0
21 18963 23751 0 0
22 20328 24244 0 0
23 21689 25714 0 0
24 23040 27072 0 0
25 24375 27575 0 0
26 25688 27924 0 0
27 26973 29322 0 0
28 28224 30576 0 0
29 29435 30334 0 0
30 30600 31500 0 0
31 31713 31713 0 0
32 32768 31744 0 0
33 103455 136290 0 0
34 108664 141916 0 0
35 113925 150955 0 0
36 119232 159984 0 0
37 124579 156399 0 0
38 129960 165452 0 0
39 135369 167817 0 0
40 140800 169920 0 0
41 146247 182491 0 0
42 151704 191772 0 0
43 157165 193973 0 0
44 162624 195888 0 0
45 168075 206055 0 0
46 173512 207828 0 0
47 178929 213474 0 0
48 184320 218880 0 0
49 189679 213787 0 0
50 195000 223100 0 0
51 200277 224757 0 0
52 205504 226096 0 0
53 210675 236327 0 0
54 215784 237492 0 0
55 220825 242770 0 0
56 225792 247744 0 0
57 230679 245271 0 0
58 235480 246036 0 0
59 240189 250986 0 0
60 244800 255600 0 0
61 249307 253150 0 0
62 253704 257548 0 0
63 257985 257985 0 0
64 262144 258048 0 0
65 806975 1084655 0 0
66 827640 1094676 0 0
67 848421 1117426 0 0
68 869312 1139952 0 0
69 890307 1189698 0 0
70 911400 1212540 0 0
71 932585 1248819 0 0
72 953856 1285056 0 0
73 975207 1234138 0 0
74 996632 1256668 0 0
75 1018125 1293075 0 0
76 1039680 1329392 0 0
77 1061291 1312311 0 0
78 1082952 1348620 0 0
79 1104657 1357457 0 0
80 1126400 1365760 0 0
81 1148175 1443906 0 0
82 1169976 1466652 0 0
83 1191797 1504043 0 0
84 1213632 1541232 0 0
85 1235475 1522095 0 0
86 1257320 1559180 0 0
87 1279161 1567305 0 0
88 1300992 1574848 0 0
89 1322807 1619355 0 0
90 1344600 1656540 0 0
91 1366365 1664117 0 0
92 1388096 1671088 0 0
93 1409787 1709991 0 0
94 1431432 1716628 0 0
95 1453025 1738690 0 0
96 1474560 1760256 0 0
97 1496031 1713505 0 0
98 1517432 1719900 0 0
99 1538757 1757547 0 0
100 1560000 1794800 0 0
101 1581155 1771439 0 0
102 1602216 1808460 0 0
103 1623177 1814345 0 0
104 1644032 1819584 0 0
105 1664775 1865115 0 0
106 1685400 1901852 0 0
107 1705901 1907061 0 0
108 1726272 1911600 0 0
109 1746507 1950119 0 0
110 1766600 1954260 0 0
111 1786545 1974690 0 0
112 1806336 1994496 0 0
113 1825967 1939419 0 0
114 1845432 1975164 0 0
115 1864725 1978805 0 0
116 1883840 1981744 0 0
117 1902771 2019303 0 0
118 1921512 2021812 0 0
119 1940057 2040850 0 0
120 1958400 2059200 0 0
121 1976535 2038487 0 0
122 1994456 2040084 0 0
123 2012157 2058282 0 0
124 2029632 2075760 0 0
125 2046875 2062750 0 0
126 2063880 2079756 0 0
127 2080641 2080641 0 0
128 2097152 2080768 0 0
129 6373503 8521740 0 0
