1 0.0
2 0.0
3 0.0009944438934326172
4 0.0010046958923339844
5 0.001993417739868164
6 0.004000663757324219
7 0.0019996166229248047
8 0.004002094268798828
9 0.01699995994567871
10 0.010999679565429688
11 0.017995834350585938
12 0.01199960708618164
13 0.012001514434814453
14 0.012002706527709961
15 0.011997461318969727
16 0.010998964309692383
17 0.0989999771118164
18 0.09599947929382324
19 0.0930023193359375
20 0.09099793434143066
21 0.09204363822937012
22 0.09195971488952637
23 0.09799456596374512
24 0.09900116920471191
25 0.09199738502502441
26 0.11100578308105469
27 0.09499454498291016
28 0.0930020809173584
29 0.09200239181518555
30 0.09399247169494629
31 0.09604644775390625
32 0.09195733070373535
33 0.9249989986419678
34 0.8579976558685303
35 0.8710012435913086
36 0.8599975109100342
37 0.7280035018920898
38 0.7249994277954102
39 0.8819961547851562
40 1.0850005149841309
41 1.0200021266937256
42 0.8989992141723633
43 0.9120004177093506
44 0.9190442562103271
45 0.8019552230834961
46 0.7739963531494141
47 0.7929997444152832
48 0.8379874229431152
49 0.7750024795532227
50 0.7950422763824463
51 0.7859532833099365
52 0.7950005531311035
53 0.7690465450286865
54 0.7749989032745361
55 0.7779541015625
56 0.7360458374023438
57 0.7279980182647705
58 0.7199997901916504
59 0.7150001525878906
60 0.7119550704956055
61 0.7210443019866943
62 0.7119507789611816
63 0.7310030460357666
64 0.7190022468566895
65 5.769994497299194
66 6.185042381286621
67 6.340001106262207
68 6.01099967956543
69 5.81400203704834
70 5.7599992752075195
71 6.282042980194092
72 6.342954397201538
73 6.674493312835693
74 6.703998804092407
75 6.280044794082642
76 5.833999872207642
77 6.027041673660278
78 6.0540008544921875
79 5.947045564651489
80 6.10295557975769
81 6.0910420417785645
82 5.973955392837524
83 5.812999963760376
84 5.954041481018066
85 5.916629314422607
86 6.215996265411377
87 6.28895378112793
88 6.124999284744263
89 6.144999980926514
90 6.0160017013549805
91 6.123042821884155
92 6.096001863479614
93 6.039183855056763
94 6.07899808883667
95 6.002042293548584
96 6.2359702587127686
97 6.031955003738403
98 5.946998357772827
99 6.229044198989868
100 6.134999990463257
101 6.131994247436523
102 5.977994918823242
103 5.978003263473511
104 6.115038871765137
105 6.144995927810669
106 6.105046272277832
107 6.22195839881897
108 7.254002809524536
109 6.333993911743164
110 6.347999095916748
111 5.890045404434204
112 6.472125291824341
113 5.884001731872559
114 5.709994792938232
115 5.757045269012451
116 5.764001131057739
117 5.70104455947876
118 5.785995244979858
119 5.700003623962402
120 6.226003885269165
121 6.51199746131897
122 6.463032245635986
123 6.358998537063599
124 6.11400294303894
125 6.102998971939087
126 6.388000011444092
127 5.960032224655151
128 6.608002424240112
129 49.824161767959595
130 48.35300350189209
131 47.52470636367798
132 47.87500333786011
133 49.67199397087097
134 48.68484401702881
135 49.53904414176941
136 51.15656399726868
137 48.097044229507446
138 50.39701175689697
139 47.50672435760498
140 47.81598520278931
141 47.25321388244629
142 46.62299704551697
143 47.45799660682678
144 47.50705099105835
145 48.974040508270264
146 49.33716940879822
147 49.019957542419434
148 47.654040813446045
149 47.2071099281311
150 47.14900040626526
151 46.81421494483948
152 47.436957120895386
153 46.325040102005005
154 46.741332054138184
155 45.80600166320801
156 47.92429757118225
157 48.20609927177429
158 47.43099570274353
159 46.087079763412476
160 48.14307451248169
161 49.79205799102783
162 48.63700294494629
163 47.87799668312073
164 46.375125885009766
165 45.51899480819702
166 46.32100296020508
167 46.64126515388489
168 46.41395688056946
169 47.819690227508545
170 46.86499786376953
171 47.02099633216858
172 47.62728691101074
173 46.88603973388672
174 47.82851815223694
175 52.648998737335205
176 50.82432985305786
177 60.26812267303467
178 71.25735402107239
179 61.54701614379883
180 55.170756816864014
181 56.033607482910156
182 54.690147161483765
183 56.620118856430054
184 47.98052930831909
185 49.707404375076294
186 45.972450733184814
187 45.820725440979004
188 46.49001502990723
189 46.94029116630554
190 47.90062713623047
191 47.8803288936615
192 45.99025011062622
193 45.801045656204224
194 45.749972105026245
195 46.140735149383545
196 46.16032409667969
197 47.22000241279602
198 46.56082248687744
199 46.04006338119507
200 45.53070068359375
201 45.570106744766235
202 46.000641107559204
203 46.110979318618774
204 46.669488191604614
205 46.240302324295044
206 46.1409707069397
207 45.82011270523071
208 45.51072716712952
209 45.70022702217102
210 45.960304975509644
211 46.35091495513916
212 46.32026696205139
213 46.431092262268066
214 46.2004280090332
215 46.3206729888916
216 45.60034513473511
217 45.57029724121094
218 45.6701865196228
219 45.620179653167725
220 46.010278940200806
221 46.0407657623291
222 46.35007977485657
223 46.28021001815796
224 46.05063796043396
225 46.56022119522095
226 46.45046615600586
227 45.97329568862915
228 46.160513401031494
229 46.03022289276123
230 46.270280599594116
231 46.35018444061279
232 46.70024847984314
233 45.96013617515564
234 46.460716009140015
235 46.260286808013916
236 46.28004574775696
237 46.2208046913147
238 46.05182957649231
239 46.45006608963013
240 46.11016488075256
241 46.19078230857849
242 46.18063402175903
243 46.3000910282135
244 45.910473108291626
245 51.059305906295776
246 47.5836706161499
247 47.82321810722351
248 48.21343731880188
249 47.83058953285217
250 48.1186089515686