1 1 0 0 0 3.314018249511719e-05
2 8 4 0 0 0.0001571178436279297
3 45 45 0 0 0.0008444786071777344
4 64 48 0 0 0.0008592605590820312
5 275 310 0 0 0.006009578704833984
6 360 396 0 0 0.006381988525390625
7 441 441 0 0 0.007200002670288086
8 512 448 0 0 0.006378173828125
9 1863 2439 0 0 0.05687141418457031
10 2200 2580 0 0 0.038376569747924805
11 2541 2970 0 0 0.032547712326049805
12 2880 3312 0 0 0.03329205513000488
13 3211 3406 0 0 0.03352665901184082
14 3528 3724 0 0 0.03438878059387207
15 3825 3825 0 0 0.03545236587524414
16 4096 3840 0 0 0.03811144828796387
17 13583 17595 0 0 0.24801230430603027
18 14904 19836 0 0 0.25435805320739746
19 16245 20501 0 0 0.26120591163635254
20 17600 21040 0 0 0.27039599418640137
21 18963 23751 0 0 0.2699246406555176
22 20328 24244 0 0 0.2755100727081299
23 21689 25714 0 0 0.2792673110961914
24 23040 27072 0 0 0.2832658290863037
25 24375 27575 0 0 0.26495909690856934
26 25688 27924 0 0 0.2658562660217285
27 26973 29322 0 0 0.27194714546203613
28 28224 30576 0 0 0.27434492111206055
29 29435 30334 0 0 0.2695012092590332
30 30600 31500 0 0 0.2736940383911133
31 31713 31713 0 0 0.3401782512664795
32 32768 31744 0 0 0.27536940574645996
33 103455 136290 0 0 1.9822590351104736
34 108664 141916 0 0 2.009845733642578
35 113925 150955 0 0 2.0223612785339355
36 119232 159984 0 0 2.0371921062469482
37 124579 156399 0 0 2.0185585021972656
38 129960 165452 0 0 2.0589599609375
39 135369 167817 0 0 2.055358409881592
40 140800 169920 0 0 2.0764267444610596
41 146247 182491 0 0 2.0864429473876953
42 151704 191772 0 0 2.1052634716033936
43 157165 193973 0 0 2.119716167449951
44 162624 195888 0 0 2.154974937438965
45 168075 206055 0 0 2.158548355102539
46 173512 207828 0 0 2.2211947441101074
47 178929 213474 0 0 2.174215793609619
48 184320 218880 0 0 2.192124843597412
49 189679 213787 0 0 2.0702874660491943
50 195000 223100 0 0 2.109200954437256
51 200277 224757 0 0 2.106283187866211
52 205504 226096 0 0 2.1227121353149414
53 210675 236327 0 0 2.1822428703308105
54 215784 237492 0 0 2.1332318782806396
55 220825 242770 0 0 2.1518282890319824
56 225792 247744 0 0 2.1725645065307617
57 230679 245271 0 0 2.14156174659729
58 235480 246036 0 0 2.191969871520996
59 240189 250986 0 0 2.3943772315979004
60 244800 255600 0 0 2.2536160945892334
61 249307 253150 0 0 2.230541229248047
62 253704 257548 0 0 2.2264914512634277
63 257985 257985 0 0 2.2227060794830322
64 262144 258048 0 0 2.204317808151245
65 806975 1084655 0 0 15.682458639144897
66 827640 1094676 0 0 15.900568962097168
67 848421 1117426 0 0 15.891795873641968
68 869312 1139952 0 0 16.036325693130493
69 890307 1189698 0 0 15.887903928756714
70 911400 1212540 0 0 16.133647203445435
71 932585 1248819 0 0 16.134851932525635
72 953856 1285056 0 0 16.407084465026855
73 975207 1234138 0 0 16.134299278259277
74 996632 1256668 0 0 16.212641954421997
75 1018125 1293075 0 0 16.431939363479614
76 1039680 1329392 0 0 16.28278422355652
77 1061291 1312311 0 0 16.410489082336426
78 1082952 1348620 0 0 16.43528914451599
79 1104657 1357457 0 0 16.706228733062744
80 1126400 1365760 0 0 16.749741554260254
81 1148175 1443906 0 0 16.6281521320343
82 1169976 1466652 0 0 16.695409536361694
83 1191797 1504043 0 0 16.694955110549927
84 1213632 1541232 0 0 16.868186712265015
85 1235475 1522095 0 0 16.750689029693604
86 1257320 1559180 0 0 16.957890272140503
87 1279161 1567305 0 0 17.069222688674927
88 1300992 1574848 0 0 17.196094512939453
89 1322807 1619355 0 0 17.270709991455078
90 1344600 1656540 0 0 17.379838228225708
91 1366365 1664117 0 0 17.311591386795044
92 1388096 1671088 0 0 17.131013870239258
93 1409787 1709991 0 0 17.278190851211548
94 1431432 1716628 0 0 17.29019832611084
95 1453025 1738690 0 0 17.301376581192017
96 1474560 1760256 0 0 17.737279415130615
97 1496031 1713505 0 0 16.665542364120483
98 1517432 1719900 0 0 17.139414072036743
99 1538757 1757547 0 0 17.038094758987427
100 1560000 1794800 0 0 17.03806471824646
101 1581155 1771439 0 0 16.988963842391968
102 1602216 1808460 0 0 16.897968292236328
103 1623177 1814345 0 0 16.982074975967407
104 1644032 1819584 0 0 17.116049766540527
105 1664775 1865115 0 0 17.124727249145508
106 1685400 1901852 0 0 17.14510178565979
107 1705901 1907061 0 0 17.11042308807373
108 1726272 1911600 0 0 17.152103900909424
109 1746507 1950119 0 0 17.595295190811157
110 1766600 1954260 0 0 17.523611068725586
111 1786545 1974690 0 0 17.46472930908203
112 1806336 1994496 0 0 17.445486783981323
113 1825967 1939419 0 0 17.228851079940796
114 1845432 1975164 0 0 17.35379457473755
115 1864725 1978805 0 0 17.43683910369873
116 1883840 1981744 0 0 17.53725028038025
117 1902771 2019303 0 0 17.661883115768433
118 1921512 2021812 0 0 17.446977376937866
119 1940057 2040850 0 0 17.424357414245605
120 1958400 2059200 0 0 17.686272621154785
121 1976535 2038487 0 0 17.700737714767456
122 1994456 2040084 0 0 17.64108633995056
123 2012157 2058282 0 0 17.782604455947876
124 2029632 2075760 0 0 17.822805166244507
125 2046875 2062750 0 0 17.71728014945984
126 2063880 2079756 0 0 17.846896409988403
127 2080641 2080641 0 0 18.00788450241089
128 2097152 2080768 0 0 18.023787021636963
129 6373503 8521740 0 0 124.98582935333252
130 6455800 8694140 0 0 125.4693820476532
131 6538341 8734949 0 0 126.17809057235718
132 6621120 8774832 0 0 126.06111598014832
133 6704131 8917783 0 0 127.49518489837646
134 6787368 8957364 0 0 126.94078159332275
135 6870825 9047970 0 0 127.19453144073486
136 6954496 9138112 0 0 128.18503594398499
137 7038375 9496703 0 0 128.02224111557007
138 7122456 9536628 0 0 128.06833577156067
139 7206733 9628530 0 0 128.31026792526245
140 7291200 9719920 0 0 129.45058751106262
141 7375851 9918786 0 0 129.08567810058594
142 7460680 10010716 0 0 129.80678176879883
143 7545681 10156003 0 0 129.41903400421143
144 7630848 10301184 0 0 129.97728610038757
145 7716175 9857535 0 0 129.25642657279968
146 7801656 9894420 0 0 128.93396472930908
147 7887285 9985122 0 0 129.759605884552
148 7973056 10075248 0 0 129.7687795162201
149 8058963 10276530 0 0 130.71226286888123
150 8145000 10367100 0 0 131.04139971733093
151 8231161 10512771 0 0 130.93098783493042
152 8317440 10658240 0 0 131.33119916915894
153 8403831 10432458 0 0 130.91586923599243
154 8490328 10522204 0 0 130.82389664649963
155 8576925 10667875 0 0 130.9829080104828
156 8663616 10813296 0 0 132.09152579307556
157 8750395 10739271 0 0 132.2682774066925
158 8837256 10884620 0 0 131.98921036720276
159 8924193 10918689 0 0 132.441330909729
160 9011200 10951680 0 0 133.13765335083008
161 9098271 11542895 0 0 133.5569884777069
162 9185400 11577492 0 0 133.73538875579834
163 9272581 11669170 0 0 133.66044759750366
164 9359808 11760112 0 0 134.1177854537964
165 9447075 11968770 0 0 134.40671706199646
166 9534376 12059900 0 0 135.16295385360718
167 9621705 12209203 0 0 134.72001194953918
168 9709056 12358080 0 0 135.3388102054596
169 9796423 12115610 0 0 134.47538876533508
170 9883800 12205660 0 0 135.90211081504822
171 9971181 12354579 0 0 135.71380829811096
172 10058560 12503024 0 0 135.92383122444153
173 10145931 12420535 0 0 135.82602381706238
174 10233288 12568716 0 0 136.69583129882812
175 10320625 12599825 0 0 136.06192111968994
176 10407936 12629760 0 0 135.93318009376526
177 10495215 12897282 0 0 136.47317099571228
178 10582456 12986524 0 0 137.64337635040283
179 10669653 13135915 0 0 137.61729836463928
180 10756800 13284720 0 0 138.4444978237152
181 10843891 13197615 0 0 138.0375416278839
182 10930920 13346060 0 0 138.24047803878784
183 11017881 13374921 0 0 138.53239274024963
184 11104768 13402560 0 0 137.84647631645203
185 11191575 13566235 0 0 138.2907907962799
186 11278296 13714524 0 0 140.04043745994568
187 11364925 13742069 0 0 138.82197880744934
188 11451456 13768368 0 0 139.42166948318481
189 11537883 13920039 0 0 139.99504852294922
190 11624200 13945620 0 0 139.93769001960754
191 11710401 14032770 0 0 139.85482931137085
192 11796480 14118912 0 0 141.65524196624756
193 11882431 13657838 0 0 132.75691413879395
194 11968248 13745676 0 0 133.8341348171234
195 12053925 13772265 0 0 133.6222140789032
196 12139456 13797616 0 0 133.86470866203308
197 12224835 14074665 0 0 134.43703937530518
198 12310056 14099580 0 0 135.12811875343323
199 12395113 14249395 0 0 134.6811273097992
200 12480000 14398400 0 0 135.38005471229553
201 12564711 14189193 0 0 135.18395328521729
202 12649240 14212316 0 0 135.15093278884888
203 12733581 14361235 0 0 135.3908336162567
204 12817728 14509296 0 0 136.26841568946838
205 12901675 14409655 0 0 135.99211430549622
206 12985416 14557196 0 0 135.41749358177185
207 13068945 14579217 0 0 136.41903400421143
208 13152256 14599936 0 0 135.97672653198242
209 13235343 14944545 0 0 136.04398703575134
210 13318200 14965020 0 0 137.10005354881287
211 13400821 15112875 0 0 137.00553393363953
212 13483200 15259760 0 0 137.7735779285431
213 13565331 15156015 0 0 137.5922131538391
214 13647208 15302284 0 0 137.33210396766663
215 13728825 15321545 0 0 137.34940767288208
216 13810176 15339456 0 0 138.15411233901978
217 13891255 15503131 0 0 138.2927601337433
218 13972056 15648476 0 0 139.33236956596375
219 14052573 15666165 0 0 138.27826690673828
220 14132800 15682480 0 0 138.5622637271881
221 14212731 15831335 0 0 138.910728931427
222 14292360 15846804 0 0 139.3768286705017
223 14371681 15927106 0 0 140.07573080062866
224 14450688 16006144 0 0 141.66007566452026
225 14529375 15552225 0 0 138.5571792125702
226 14607736 15566428 0 0 138.76203632354736
227 14685765 15710443 0 0 138.2601282596588
228 14763456 15853296 0 0 138.95630526542664
229 14840803 15741231 0 0 138.80297231674194
230 14917800 15883340 0 0 139.5602068901062
231 14994441 15896265 0 0 138.67672395706177
232 15070720 15907776 0 0 139.58670592308044
233 15146631 16068379 0 0 140.15565848350525
234 15222168 16209180 0 0 140.29807496070862
235 15297325 16220405 0 0 139.0392665863037
236 15372096 16230192 0 0 140.9031023979187
237 15446475 16374567 0 0 140.91252541542053
238 15520456 16383444 0 0 139.02282619476318
239 15594033 16458018 0 0 140.41691732406616
240 15667200 16531200 0 0 141.03119802474976
241 15739951 16228699 0 0 140.62063598632812
242 15812280 16366460 0 0 140.81977438926697
243 15884181 16374069 0 0 140.91842460632324
244 15955648 16380208 0 0 140.8130247592926
245 16026675 16521575 0 0 141.99257826805115
246 16097256 16526772 0 0 142.18253707885742
247 16167385 16597906 0 0 141.88234853744507
248 16237056 16667584 0 0 142.33076786994934
249 16306263 16561239 0 0 142.1429843902588
250 16375000 16564500 0 0 141.64014315605164
