251 5764740 22758422 11368788 0 111.38043022155762
252 5764752 22761480 11371332 0 110.05035042762756
253 5764786 22784660 11388174 0 111.52496600151062
254 5764794 22787728 11390728 0 110.8300633430481
255 5764800 22795012 11396482 0 111.15730333328247
256 5764801 22797060 11398530 0 109.56234526634216
257 37730554 114108882 52215184 0 706.0340983867645
258 37731890 114120324 52223652 0 702.6850025653839
259 37756722 114208422 52265016 0 705.1807200908661
260 37766652 114242698 52281276 0 701.692991733551
261 37783018 114325126 52338320 0 705.0570237636566
262 37792944 114359580 52354690 0 704.4440281391144
263 37800420 114392872 52375944 0 704.8156833648682
264 37803402 114405324 52384198 0 701.7464816570282
265 37826994 114677750 52550104 0 707.9351124763489
266 37836904 114712332 52566570 0 704.9336884021759
267 37844340 114745958 52588074 0 707.5864307880402
268 37847306 114758530 52596424 0 703.552089214325
269 37856220 114847324 52650276 0 708.2141003608704
270 37859178 114859954 52658672 0 703.3767998218536
271 37862474 114888678 52676694 0 708.4911844730377
272 37863770 114899242 52683636 0 705.5909860134125
273 38155310 116043374 53231920 0 711.619954586029
274 38165204 116077916 53248410 0 707.0406241416931
275 38172640 116112110 53270314 0 711.5680565834045
276 38175606 116124882 53278816 0 708.2975718975067
277 38184240 116214230 53333194 0 711.6860349178314
278 38187198 116227060 53341742 0 708.7661511898041
279 38190414 116255992 53359964 0 708.5829999446869
280 38191678 116266612 53366978 0 706.7865302562714
281 38276220 116605420 53533896 0 712.4454514980316
282 38279178 116618346 53542516 0 709.7377696037292
283 38282354 116647372 53560828 0 710.8151204586029
284 38283602 116658016 53567874 0 712.0830471515656
285 38308374 116759142 53619574 0 710.748165845871
286 38309614 116769796 53626634 0 715.4089431762695
287 38317010 116801380 53643624 0 709.2790648937225
288 38319960 116813014 53650126 0 712.8375306129456
289 38360418 118293318 54699960 0 710.3452248573303
290 38370248 118328244 54716770 0 716.6476774215698
291 38377524 118363214 54739194 0 710.6800513267517
