1 1 0 0 0 2.7418136596679688e-05
2 7 12 6 0 0.00028896331787109375
3 48 124 58 0 0.001833200454711914
4 49 132 66 0 0.0015604496002197266
5 328 924 426 0 0.010524988174438477
6 336 976 460 0 0.011977672576904297
7 342 1092 534 0 0.012848615646362305
8 343 1116 558 0 0.007901191711425781
9 2280 6646 3040 0 0.05203580856323242
10 2296 6768 3132 0 0.0445711612701416
11 2340 7150 3356 0 0.04361677169799805
12 2352 7264 3436 0 0.045705318450927734
13 2386 8108 3942 0 0.0455780029296875
14 2394 8232 4032 0 0.0449216365814209
15 2400 8516 4226 0 0.04389786720275879
16 2401 8580 4290 0 0.04457998275756836
17 15770 46822 21426 0 0.29477500915527344
18 15960 47494 21766 0 0.2916100025177002
19 16044 48308 22318 0 0.30220508575439453
20 16072 48576 22524 0 0.3006632328033447
21 16356 51220 23998 0 0.2974514961242676
22 16380 51502 24218 0 0.31883955001831055
23 16444 52326 24732 0 0.2970590591430664
24 16464 52576 24916 0 0.304429292678833
25 16686 58478 28364 0 0.3064110279083252
26 16702 58784 28608 0 0.30713343620300293
27 16746 59702 29192 0 0.3086254596710205
28 16758 59976 29400 0 0.30753469467163086
29 16792 62028 30714 0 0.3093836307525635
30 16800 62312 30932 0 0.3152430057525635
31 16806 62972 31406 0 0.31180429458618164
32 16807 63132 31566 0 0.31688880920410156
33 110214 330000 150952 0 2.066232681274414
34 110390 331222 151716 0 2.0446929931640625
35 111346 334984 153596 0 2.073469877243042
36 111720 336346 154306 0 2.0862441062927246
37 111942 341088 157652 0 2.069373369216919
38 112308 342488 158392 0 2.074408531188965
39 112452 344252 159614 0 2.0737223625183105
40 112504 344832 160068 0 2.092806577682495
41 114142 362416 169868 0 2.1118690967559814
42 114492 363832 170632 0 2.1850247383117676
43 114616 365710 171944 0 2.131531238555908
44 114660 366322 172430 0 2.133445978164673
45 115068 372004 175798 0 2.1695029735565186
46 115108 372630 176298 0 2.1536645889282227
47 115212 374398 177452 0 2.1798951625823975
48 115248 374944 177868 0 2.286276340484619
49 116722 415532 201462 0 2.126206159591675
50 116802 416846 202298 0 2.1676156520843506
51 116886 418932 203770 0 2.1817994117736816
52 116914 419600 204312 0 2.245891571044922
53 117198 425980 208162 0 2.2092227935791016
54 117222 426662 208718 0 2.190673828125
55 117286 428638 210032 0 2.3152592182159424
56 117306 429240 210504 0 2.170994520187378
57 117528 443582 219464 0 2.1581530570983887
58 117544 444288 220044 0 2.2667980194091797
59 117588 446358 221428 0 2.2124602794647217
60 117600 446984 221924 0 2.352306365966797
61 117634 451700 225102 0 2.200222969055176
62 117642 452336 225608 0 2.2923450469970703
63 117648 453828 226722 0 2.21513295173645
64 117649 454212 227106 0 2.306591510772705
65 770748 2320102 1061274 0 14.43354868888855
66 771498 2323068 1063198 0 14.31947636604309
67 772394 2329918 1067350 0 14.2200186252594
68 772730 2332426 1068948 0 14.243227005004883
69 779094 2357070 1080910 0 14.536725997924805
70 779422 2359588 1082522 0 14.355105638504028
71 781298 2367196 1086432 0 14.544699430465698
72 782040 2369974 1087918 0 14.505419492721558
73 783274 2401486 1110126 0 14.538887739181519
74 783594 2404044 1111778 0 14.705508470535278
75 785430 2411886 1115858 0 14.520543336868286
76 786156 2414744 1117408 0 14.382929563522339
77 786446 2425120 1124844 0 14.694632291793823
78 787164 2428016 1126424 0 14.554569005966187
79 787428 2431780 1129086 0 14.700411558151245
80 787528 2433024 1130076 0 14.15951943397522
81 798738 2554502 1197454 0 14.650892496109009
82 798994 2557084 1199162 0 14.882718324661255
83 800750 2565094 1203402 0 14.949347496032715
84 801444 2567992 1205008 0 14.795377731323242
85 801626 2579222 1213066 0 14.89821720123291
86 802312 2582158 1214702 0 14.985918283462524
87 802536 2586170 1217564 0 15.01187252998352
88 802620 2587486 1218626 0 14.736482858657837
89 804806 2625376 1241076 0 14.963325500488281
90 805476 2628328 1242736 0 15.025284051895142
91 805680 2632454 1245688 0 15.004758834838867
92 805756 2633802 1246782 0 15.092971801757812
93 806412 2645932 1254310 0 14.96755051612854
94 806484 2647294 1255418 0 14.964352130889893
95 806668 2651070 1257972 0 14.918955564498901
96 806736 2652256 1258900 0 14.938867092132568
97 816990 2935938 1423296 0 15.205817461013794
98 817054 2937536 1424640 0 15.28528380393982
99 817470 2945222 1429320 0 15.418041944503784
100 817614 2947922 1431086 0 15.328280687332153
101 818074 2960998 1440200 0 15.40005373954773
102 818202 2963736 1441996 0 15.308542013168335
103 818346 2968204 1445218 0 15.162100315093994
104 818398 2969648 1446408 0 15.177443027496338
105 820290 3012822 1472168 0 15.269175052642822
106 820386 3015568 1473988 0 15.246495723724365
107 820510 3020150 1477300 0 15.371983051300049
108 820554 3021626 1478522 0 15.351515054702759
109 820962 3035276 1487138 0 15.226633787155151
110 821002 3036766 1488374 0 15.263556718826294
111 821106 3040998 1491288 0 15.47632360458374
112 821142 3042312 1492344 0 15.3020498752594
113 822616 3141244 1553850 0 15.389435529708862
114 822696 3144062 1555742 0 15.875981330871582
115 822780 3148852 1559214 0 15.631294965744019
116 822808 3150384 1560492 0 15.655821800231934
117 823092 3164732 1569590 0 15.899327039718628
118 823116 3166278 1570882 0 15.540942907333374
119 823180 3170718 1573956 0 15.586613893508911
120 823200 3172088 1575068 0 15.831657409667969
121 823422 3204982 1596724 0 15.805679321289062
122 823438 3206552 1598040 0 15.81719970703125
123 823482 3211086 1601184 0 15.761317491531372
124 823494 3212480 1602320 0 15.787610292434692
125 823528 3223020 1609722 0 15.68352723121643
126 823536 3224424 1610868 0 16.011818885803223
127 823542 3227740 1613422 0 15.993577241897583
128 823543 3228636 1614318 0 15.939856052398682
129 5390270 16274376 7446258 0 100.17471361160278
130 5395236 16291414 7454268 0 100.84372043609619
131 5398992 16307664 7464532 0 99.6548261642456
132 5400486 16313748 7468522 0 100.94495296478271
133 5405272 16357152 7494348 0 99.67127203941345
134 5406758 16363294 7498384 0 100.5872871875763
135 5408454 16377322 7507046 0 100.65546345710754
136 5409110 16382470 7510380 0 101.3479790687561
137 5452172 16550384 7590828 0 100.74532771110535
138 5453658 16556622 7594936 0 101.71095061302185
139 5455314 16570744 7603688 0 100.64736580848694
140 5455954 16575916 7607054 0 100.60985851287842
141 5468454 16625682 7631890 0 100.81650614738464
142 5469086 16630864 7635270 0 100.8018491268158
143 5472802 16646344 7643420 0 100.81840825080872
144 5474280 16652026 7646530 0 101.42444443702698
145 5481464 16867992 7798660 0 101.90602445602417
146 5482918 16874350 7802856 0 101.45483112335205
147 5484534 16888760 7811848 0 101.1700541973114
148 5485158 16894020 7815302 0 100.76874542236328
149 5497394 16945432 7841288 0 101.6604700088501
150 5498010 16950702 7844756 0 101.7906141281128
151 5501646 16966670 7853266 0 102.01678729057312
152 5503092 16972520 7856512 0 101.8208396434784
153 5504514 17041678 7905974 0 102.7194037437439
154 5505122 17046988 7909482 0 102.17937850952148
155 5508718 17063190 7918162 0 101.71280980110168
156 5510148 17069120 7921472 0 102.84970498085022
157 5510574 17091384 7937708 0 101.93110990524292
158 5511996 17097352 7941048 0 101.89077997207642
159 5512500 17105316 7946790 0 101.8652036190033
160 5512696 17107968 7948932 0 102.14945888519287
161 5590702 17954260 8417156 0 103.4330825805664
162 5591166 17960246 8421544 0 103.20821690559387
163 5592462 17974952 8430896 0 103.76311945915222
164 5592958 17980276 8434478 0 103.4708662033081
165 5604762 18032992 8461552 0 103.83942317962646
166 5605250 18038326 8465148 0 103.48215055465698
167 5608726 18054670 8474018 0 104.243643283844
168 5610108 18060616 8477392 0 104.04789876937866
169 5610902 18135880 8531176 0 103.51836371421814
170 5611382 18141254 8534812 0 104.3180980682373
171 5614818 18157832 8543852 0 103.45510077476501
172 5616184 18163858 8547290 0 104.07490634918213
173 5616394 18187954 8564894 0 104.21147847175598
174 5617752 18194018 8568362 0 103.82585382461548
175 5618176 18202518 8574544 0 104.69861817359924
176 5618340 18205330 8576846 0 104.73252701759338
177 5633226 18467286 8731366 0 104.73171806335449
178 5633642 18472684 8735058 0 104.09061861038208
179 5636998 18489430 8744258 0 104.17259359359741
180 5638332 18495496 8747752 0 104.57191514968872
181 5638434 18520446 8765978 0 104.88773465156555
182 5639760 18526550 8769502 0 104.22449398040771
183 5640144 18535298 8775884 0 104.30517363548279
184 5640292 18538182 8778258 0 105.38228297233582
185 5643574 18619192 8828516 0 104.76721692085266
186 5644884 18625312 8832064 0 105.43477058410645
187 5645248 18634174 8838536 0 105.91300964355469
188 5645388 18637090 8840942 0 104.96949815750122
189 5646540 18662860 8857534 0 105.14335012435913
190 5646676 18665790 8859954 0 105.89456129074097
191 5647020 18673822 8865548 0 104.75951433181763
192 5647152 18676384 8867596 0 105.07913708686829
193 5718658 20658504 10015426 0 106.52537870407104
194 5718930 20664474 10019526 0 106.19842076301575
195 5719254 20674604 10027218 0 106.61114239692688
196 5719378 20678000 10030104 0 106.82102918624878
197 5722170 20730752 10061142 0 107.36758303642273
198 5722290 20734166 10064046 0 106.86725807189941
199 5723026 20749882 10073876 0 106.31249833106995
200 5723298 20755454 10077602 0 106.50080108642578
201 5726406 20845952 10139670 0 106.47246313095093
202 5726518 20849398 10142606 0 106.90744018554688
203 5727174 20865348 10152606 0 107.16011071205139
204 5727414 20871000 10156396 0 107.19651627540588
205 5728198 20899046 10176360 0 107.80064392089844
206 5728422 20904736 10180180 0 107.0089795589447
207 5728686 20914228 10187162 0 106.55467104911804
208 5728786 20917328 10189752 0 107.58890557289124
209 5741934 21218536 10368318 0 107.55453443527222
210 5742030 21222054 10371326 0 107.39230155944824
211 5742526 21238132 10381486 0 108.13449215888977
212 5742702 21243808 10385332 0 108.23700499534607
213 5743410 21272724 10405918 0 107.39294242858887
214 5743570 21278438 10409794 0 107.87904500961304
215 5743794 21288178 10416976 0 108.26237034797668
216 5743878 21291350 10419638 0 107.38728880882263
217 5746606 21383782 10477352 0 108.54051280021667
218 5746734 21389504 10481252 0 108.24354267120361
219 5746938 21399358 10488524 0 107.99578404426575
220 5747014 21402562 10491218 0 107.52029609680176
221 5747670 21431620 10510234 0 108.97260785102844
222 5747742 21434838 10512942 0 108.59570336341858
223 5747926 21443862 10519336 0 108.5369701385498
224 5747994 21446712 10521672 0 107.81116890907288
225 5758248 22138290 10950428 0 109.45279026031494
226 5758312 22141936 10953564 0 109.48473262786865
227 5758728 22158550 10964164 0 109.65727615356445
228 5758872 22164386 10968170 0 109.8322274684906
229 5759332 22194790 10989812 0 109.07841086387634
230 5759460 22200664 10993848 0 108.96931791305542
231 5759604 22210860 11001390 0 109.90375685691833
232 5759656 22214160 11004180 0 109.49968600273132
233 5761548 22311510 11065204 0 110.77728176116943
234 5761644 22317392 11069264 0 109.10684251785278
235 5761768 22327702 11076896 0 110.54922986030579
236 5761812 22331034 11079718 0 109.26175808906555
237 5762220 22361612 11099822 0 110.49218964576721
238 5762260 22364958 11102658 0 110.47169208526611
239 5762364 22374438 11109412 0 110.7174723148346
240 5762400 22377416 11111876 0 108.99828863143921
241 5763874 22604612 11260782 0 110.79133129119873
242 5763954 22610566 11264914 0 110.14319562911987
243 5764038 22621084 11272706 0 111.5893280506134
244 5764066 22624472 11275584 0 110.6429443359375
245 5764350 22655748 11296170 0 110.19279217720032
246 5764374 22659150 11299062 0 109.94032263755798
247 5764438 22668838 11305976 0 110.52700519561768
248 5764458 22671872 11308496 0 109.67820906639099
249 5764680 22745214 11358888 0 111.73463535308838
250 5764696 22748640 11361804 0 109.84903240203857
251 5764740 22758422 11368788 0 111.38043022155762
252 5764752 22761480 11371332 0 110.05035042762756
253 5764786 22784660 11388174 0 111.52496600151062
254 5764794 22787728 11390728 0 110.8300633430481
255 5764800 22795012 11396482 0 111.15730333328247
256 5764801 22797060 11398530 0 109.56234526634216
257 37730554 114108882 52215184 0 706.0340983867645
258 37731890 114120324 52223652 0 702.6850025653839
259 37756722 114208422 52265016 0 705.1807200908661
260 37766652 114242698 52281276 0 701.692991733551
261 37783018 114325126 52338320 0 705.0570237636566
262 37792944 114359580 52354690 0 704.4440281391144
263 37800420 114392872 52375944 0 704.8156833648682
264 37803402 114405324 52384198 0 701.7464816570282
265 37826994 114677750 52550104 0 707.9351124763489
266 37836904 114712332 52566570 0 704.9336884021759
267 37844340 114745958 52588074 0 707.5864307880402
268 37847306 114758530 52596424 0 703.552089214325
269 37856220 114847324 52650276 0 708.2141003608704
270 37859178 114859954 52658672 0 703.3767998218536
271 37862474 114888678 52676694 0 708.4911844730377
272 37863770 114899242 52683636 0 705.5909860134125
273 38155310 116043374 53231920 0 711.619954586029
274 38165204 116077916 53248410 0 707.0406241416931
275 38172640 116112110 53270314 0 711.5680565834045
276 38175606 116124882 53278816 0 708.2975718975067
277 38184240 116214230 53333194 0 711.6860349178314
278 38187198 116227060 53341742 0 708.7661511898041
279 38190414 116255992 53359964 0 708.5829999446869
280 38191678 116266612 53366978 0 706.7865302562714
281 38276220 116605420 53533896 0 712.4454514980316
282 38279178 116618346 53542516 0 709.7377696037292
283 38282354 116647372 53560828 0 710.8151204586029
284 38283602 116658016 53567874 0 712.0830471515656
285 38308374 116759142 53619574 0 710.748165845871
286 38309614 116769796 53626634 0 715.4089431762695
287 38317010 116801380 53643624 0 709.2790648937225
288 38319960 116813014 53650126 0 712.8375306129456
289 38360418 118293318 54699960 0 710.3452248573303
290 38370248 118328244 54716770 0 716.6476774215698
291 38377524 118363214 54739194 0 710.6800513267517
