1 0.0
2 0.0
3 0.0
4 0.0
5 0.0019991397857666016
6 0.002000570297241211
7 0.001996278762817383
8 0.0020017623901367188
9 0.013042449951171875
10 0.011953115463256836
11 0.011002779006958008
12 0.011995792388916016
13 0.012046337127685547
14 0.011993646621704102
15 0.010994911193847656
16 0.011035680770874023
17 0.08895468711853027
18 0.08299875259399414
19 0.08403372764587402
20 0.08500075340270996
21 0.08200216293334961
22 0.0970010757446289
23 0.09800052642822266
24 0.08499836921691895
25 0.08504271507263184
26 0.08399367332458496
27 0.0859980583190918
28 0.08203721046447754
29 0.10196280479431152
30 0.14304661750793457
31 0.0879983901977539
32 0.10800051689147949
33 0.6590433120727539
34 0.5830414295196533
35 0.6250014305114746
36 0.7449994087219238
37 0.6210017204284668
38 0.6300461292266846
39 0.6550014019012451
40 0.6109304428100586
41 0.5769968032836914
42 0.6509995460510254
43 0.6310005187988281
44 0.5829982757568359
45 0.8310015201568604
46 0.6649997234344482
47 0.6219961643218994
48 0.7929975986480713
49 0.6349997520446777
50 0.5760452747344971
51 0.6009995937347412
52 0.6159946918487549
53 0.5550024509429932
54 0.559044361114502
55 0.6189994812011719
56 0.5820024013519287
57 0.5579531192779541
58 0.5840024948120117
59 0.6610493659973145
60 0.6059997081756592
61 0.8609981536865234
62 0.6490018367767334
63 0.5910027027130127
64 0.5919919013977051
65 4.599000453948975
66 4.288001775741577
67 4.75504469871521
68 4.362997055053711
69 4.488246202468872
70 4.320000886917114
71 4.409954071044922
72 4.310000658035278
73 4.47200083732605
74 4.367997884750366
75 4.446004152297974
76 4.3949973583221436
77 4.5
78 4.328045129776001
79 4.478041410446167
80 4.579990386962891
81 4.518998384475708
82 4.480999946594238
83 4.285047769546509
84 4.282045602798462
85 4.357044219970703
86 4.087956190109253
87 4.348999261856079
88 4.2871503829956055
89 4.344954013824463
90 4.341046094894409
91 3.943955421447754
92 4.309000492095947
93 4.053997278213501
94 4.086953163146973
95 4.048002004623413
96 4.011996746063232
97 4.52899694442749
98 4.107043504714966
99 4.205999851226807
100 3.9439992904663086
101 4.00899863243103
102 4.169000148773193
103 3.917043924331665
104 3.9709997177124023
105 4.189999103546143
106 4.210001468658447
107 4.00399923324585
108 3.9200401306152344
109 4.142956733703613
110 3.970043420791626
111 3.948953151702881
112 3.875047206878662
113 3.949000358581543
114 4.078962802886963
115 4.211045503616333
116 4.130002498626709
117 4.0810441970825195
118 4.083301067352295
119 4.252956867218018
120 4.006998300552368
121 4.530000448226929
122 4.448044538497925
123 3.963045120239258
124 3.9770004749298096
125 4.191953659057617
126 4.077003240585327
127 4.2021119594573975
128 4.331000566482544
129 28.280044078826904
130 28.66700291633606
131 29.133424282073975
132 29.548984050750732
133 28.748997926712036
134 28.660043001174927
135 31.953099966049194
136 27.849043369293213
137 27.860976696014404
138 27.74604082107544
139 27.8702175617218
140 30.2940411567688
141 28.00604224205017
142 28.449822902679443
143 28.604995489120483
144 27.448058605194092
145 29.085999250411987
146 27.94893169403076
147 26.615040063858032
148 26.57892632484436
149 26.831655025482178
150 26.65236186981201
151 26.995700359344482
152 28.18710947036743
153 27.61099362373352
154 27.325896501541138
155 28.802599906921387
156 27.316985368728638
157 28.486873865127563
158 27.46339726448059
159 28.38104009628296
160 28.390891551971436
161 29.876460075378418
162 29.558857917785645
163 27.596686840057373
164 26.504287242889404
165 26.615408897399902
166 28.057193756103516
167 28.594503164291382
168 26.896382331848145
169 28.79165482521057
170 28.34066343307495
171 26.63689398765564
172 26.320255517959595
173 26.220075845718384
174 26.31036925315857
175 26.269726276397705
176 26.260116577148438
177 26.380064010620117
178 26.227476835250854
179 26.240511655807495
180 26.33036231994629
181 26.280568599700928
182 26.190504789352417
183 26.230876445770264
184 26.150190830230713
185 26.140539407730103
186 26.180493116378784
187 26.190736770629883
188 26.14091205596924
189 26.380122900009155
190 26.122593641281128
191 26.140479803085327
192 26.15330696105957
193 26.150598287582397
194 26.260247468948364
195 26.200812101364136
196 26.320056200027466
197 26.3014976978302
198 26.320119619369507
199 26.380135536193848
200 26.260042905807495
201 26.300477266311646
202 26.28013277053833
203 26.380011558532715
204 26.26950979232788
205 26.466238021850586
206 26.380488395690918
207 26.250349283218384
208 26.196075201034546
209 26.183923721313477
210 26.22059202194214
211 26.18052840232849
212 26.170612573623657
213 26.190576314926147
214 26.33042335510254
215 26.141192197799683
216 26.08085608482361
217 26.140341758728027
218 28.170169353485107
219 27.333354949951172
220 26.912806510925293
221 26.75163984298706
222 26.73203992843628
223 26.962326049804688
224 26.91223168373108
225 26.70204520225525
226 26.78881525993347
227 26.82206630706787
228 26.692137241363525
229 26.58863592147827
230 26.555354118347168
231 26.638658046722412
232 26.69535231590271
233 26.674091815948486
234 26.571570873260498
235 26.524874210357666
236 26.502304077148438
237 26.440063953399658
238 26.596391439437866
239 26.472451210021973
240 26.545360565185547
241 26.51484179496765
242 26.471784830093384
243 26.598589181900024
244 26.65251660346985
245 27.33928155899048
246 27.102200508117676
247 26.672205448150635
248 26.66590404510498
249 30.685214519500732
